y	st	lat	lon	col	prod	pob	area					
1986	AL	32.46189917	-86.79523056	41	1722	4015257	13576.5					
1986	AZ	34.20952778	-111.0595278	77	3850	3437102	28635.1					
1986	ARK	34.41672972	-92.45006306	21	1344	2342359	13773.2					
1986	CAL	37.75058917	-120.0505889	520	27040	27777153	42397					
1986	COLO	38.96655833	-105.0998889	41	3198	3260478	26960.1					
1986	FLA	28.83524083	-81.91857417	290	21750	11997290	17030.4					
1986	GA	32.67768111	-83.52768056	115	4715	6208470	14999.8					
1986	HAW	19.51250278	-155.0625	9	1323	1067911	2831.1					
1986	ID	39.93660444	-86.21993611	100	4500	985004	216.446					
1986	ILL	40.07544444	-89.30877778	30	810	11391176	14999.8					
1986	IND	39.86693611	-86.14471389	27	621	5473009	94.321					
1986	IOWA	41.93358056	-93.48358056	40	2360	2767005	14574.3					
1986	KS	38.43878889	-98.40545556	47	3995	2445387	21309.6					
1986	KY	37.43447222	-85.09002778	15	225	3683325	10465.9					
1986	LA	31.39494444	-92.51678611	35	2030	4344129	13426.4					
1986	ME	45.45910278	-69.22576944	9	153	1170126	91.646					
1986	MI	44.34451944	-84.69451944	80	4480	9187485	25049.4					
1986	MN	46.37010556	-94.67010556	136	10608	4235140	22517.1					
1986	MS	32.77700556	-89.66033889	23	1242	2588539	12543.4					
1986	MO	38.43345278	-92.51678611	30	1590	5056695	18053.3					
1986	MT	47.19634167	-109.0463333	110	7040	805064	38083.8					
1986	NE	41.36925833	-99.635925	100	7600	1566558	20034.5					
1986	NJ	40.21587222	-74.49920556	16	480	7670743	2258.8					
1986	NY	43.17661667	-75.50995	92	2944	17868849	14129.9					
1986	NC	35.64380278	-79.37713611	18	540	6403696	13938.9					
1986	ND	47.43108889	-100.0527222	290	31030	661167	18311.2					
1986	OH	40.29351111	-82.82684444	59	1534	10760081	11609.6					
1986	OR	43.87287222	-120.0895278	59	2537	2700999	25480.5					
1986	PA	40.82463056	-77.64129722	50	1600	11810864	119.283					
1986	SD	44.47313333	-100.0231111	201	22713	696042	19973.1					
1986	TN	35.85901389	-86.47430556	36	1152	4782930	10915.1					
1986	TX	31.58439444	-99.21844444	117	7254	16621799	69562.1					
1986	UT	39.44435556	-111.061	35	1575	1678115	21988.7					
1986	VT	44.15561667	-72.06024167	7	119	540273	2490.1					
1986	VA	37.55003056	-78.783875	30	1140	5932267	11078.5					
1986	WA	47.41219444	-120.0288611	75	3600	4531891	18466.5					
1986	WV	38.72501944	-80.54168611	17	510	1857579	6275.5					
1986	WI	44.59897778	-89.68231111	85	4250	4777930	16963.9					
1986	WY	43.07391389	-107.56	40	2080	476967	25333.6					
1987	AL	32.46189917	-86.79523056	46	1610	4023848	13576.5					
1987	AZ	34.20952778	-111.0595278	73	3431	3535179	28635.1					
1987	ARK	34.41672972	-92.45006306	29	2001	2342638	13773.2					
1987	CAL	37.75058917	-120.0505889	500	16500	28464253	42397					
1987	COLO	38.96655833	-105.0998889	44	3212	3262281	26960.1					
1987	FLA	28.83524083	-81.91857417	240	18960	12306396	17030.4					
1987	GA	32.67768111	-83.52768056	120	4560	6316153	14999.8					
1987	HAW	19.51250278	-155.0625	9	1710	1079823	2831.1					
1987	ID	39.93660444	-86.21993611	105	6300	985669	216.446					
1987	ILL	40.07544444	-89.30877778	28	2100	11390176	14999.8					
1987	IND	39.86693611	-86.14471389	25	1450	5491734	94.321					
1987	IOWA	41.93358056	-93.48358056	44	4532	2768392	14574.3					
1987	KS	38.43878889	-98.40545556	46	2346	2461987	21309.6					
1987	KY	37.43447222	-85.09002778	14	350	3680003	10465.9					
1987	LA	31.39494444	-92.51678611	35	2625	4288835	13426.4					
1987	ME	45.45910278	-69.22576944	9	414	1184577	91.646					
1987	MI	44.34451944	-84.69451944	80	5440	9218000	25049.4					
1987	MN	46.37010556	-94.67010556	150	16200	4296162	22517.1					
1987	MS	32.77700556	-89.66033889	19	1140	2580353	12543.4					
1987	MO	38.43345278	-92.51678611	30	1950	5081730	18053.3					
1987	MT	47.19634167	-109.0463333	95	9690	800194	38083.8					
1987	NE	41.36925833	-99.635925	120	11040	1571464	20034.5					
1987	NJ	40.21587222	-74.49920556	25	850	7712334	2258.8					
1987	NY	43.17661667	-75.50995	90	3960	17941310	14129.9					
1987	NC	35.64380278	-79.37713611	20	960	6480598	13938.9					
1987	ND	47.43108889	-100.0527222	280	30800	655273	18311.2					
1987	OH	40.29351111	-82.82684444	55	2750	10798562	11609.6					
1987	OR	43.87287222	-120.0895278	55	2310	2741307	25480.5					
1987	PA	40.82463056	-77.64129722	48	1872	11845753	119.283					
1987	SD	44.47313333	-100.0231111	250	33500	698148	19973.1					
1987	TN	35.85901389	-86.47430556	35	1925	4822437	10915.1					
1987	TX	31.58439444	-99.21844444	110	8140	16667025	69562.1					
1987	UT	39.44435556	-111.061	35	1688	1689366	21988.7					
1987	VT	44.15561667	-72.06024167	7	322	549766	2490.1					
1987	VA	37.55003056	-78.783875	25	1200	6036911	11078.5					
1987	WA	47.41219444	-120.0288611	75	4125	4639893	18466.5					
1987	WV	38.72501944	-80.54168611	21	861	1830211	6275.5					
1987	WI	44.59897778	-89.68231111	83	8051	4822402	16963.9					
1987	WY	43.07391389	-107.56	37	2886	465098	25333.6					
1988	AL	32.46189917	-86.79523056	42	1764	4030224	13576.5					
1988	AZ	34.20952778	-111.0595278	73	3577	3622176	28635.1					
1988	ARK	34.41672972	-92.45006306	25	1675	2346387	13773.2					
1988	CAL	37.75058917	-120.0505889	520	20800	29218161	42397					
1988	COLO	38.96655833	-105.0998889	48	3984	3275821	26960.1					
1988	FLA	28.83524083	-81.91857417	240	25200	12637709	17030.4					
1988	GA	32.67768111	-83.52768056	115	4715	6411085	14999.8					
1988	HAW	19.51250278	-155.0625	9	1611	1094584	2831.1					
1988	ID	39.93660444	-86.21993611	112	5936	994426	216.446					
1988	ILL	40.07544444	-89.30877778	28	1932	11409785	14999.8					
1988	IND	39.86693611	-86.14471389	29	1885	5523684	94.321					
1988	IOWA	41.93358056	-93.48358056	48	6321	2770585	14574.3					
1988	KS	38.43878889	-98.40545556	42	2898	2472847	21309.6					
1988	KY	37.43447222	-85.09002778	12	480	3677312	10465.9					
1988	LA	31.39494444	-92.51678611	38	3420	4252906	13426.4					
1988	ME	45.45910278	-69.22576944	14	364	1203840	91.646					
1988	MI	44.34451944	-84.69451944	83	6059	9253290	25049.4					
1988	MN	46.37010556	-94.67010556	150	19350	4338045	22517.1					
1988	MS	32.77700556	-89.66033889	21	1386	2574273	12543.4					
1988	MO	38.43345278	-92.51678611	30	2400	5095819	18053.3					
1988	MT	47.19634167	-109.0463333	105	5040	799642	38083.8					
1988	NE	41.36925833	-99.635925	113	10848	1574881	20034.5					
1988	NJ	40.21587222	-74.49920556	30	930	7726086	2258.8					
1988	NY	43.17661667	-75.50995	94	5546	17983088	14129.9					
1988	NC	35.64380278	-79.37713611	21	966	6565467	13938.9					
1988	ND	47.43108889	-100.0527222	230	15180	646341	18311.2					
1988	OH	40.29351111	-82.82684444	50	2400	10829211	11609.6					
1988	OR	43.87287222	-120.0895278	60	3120	2790568	25480.5					
1988	PA	40.82463056	-77.64129722	45	2070	11866008	119.283					
1988	SD	44.47313333	-100.0231111	245	18130	696691	19973.1					
1988	TN	35.85901389	-86.47430556	35	1400	4854461	10915.1					
1988	TX	31.58439444	-99.21844444	114	8664	16806734	69562.1					
1988	UT	39.44435556	-111.061	36	1476	1705867	21988.7					
1988	VT	44.15561667	-72.06024167	7	357	557699	2490.1					
1988	VA	37.55003056	-78.783875	24	1344	6120232	11078.5					
1988	WA	47.41219444	-120.0288611	65	3055	4746321	18466.5					
1988	WV	38.72501944	-80.54168611	30	1050	1806552	6275.5					
1988	WI	44.59897778	-89.68231111	82	8118	4856575	16963.9					
1988	WY	43.07391389	-107.56	39	2847	458377	25333.6					
1989	AL	32.46189917	-86.79523056	41	820	4040587	13576.5					
1989	AZ	34.20952778	-111.0595278	71	3195	3665228	28635.1					
1989	ARK	34.41672972	-92.45006306	34	2074	2350725	13773.2					
1989	CAL	37.75058917	-120.0505889	535	18190	29760021	42397					
1989	COLO	38.96655833	-105.0998889	50	3300	3294394	26960.1					
1989	FLA	28.83524083	-81.91857417	235	13865	12937926	17030.4					
1989	GA	32.67768111	-83.52768056	116	3132	6478216	14999.8					
1989	HAW	19.51250278	-155.0625	9	1215	1108229	2831.1					
1989	ID	39.93660444	-86.21993611	105	5670	1006749	216.446					
1989	ILL	40.07544444	-89.30877778	29	1102	11430602	14999.8					
1989	IND	39.86693611	-86.14471389	28	980	5544159	94.321					
1989	IOWA	41.93358056	-93.48358056	61	5490	2776755	14574.3					
1989	KS	38.43878889	-98.40545556	35	1610	2477574	21309.6					
1989	KY	37.43447222	-85.09002778	12	348	3685296	10465.9					
1989	LA	31.39494444	-92.51678611	35	2975	4219973	13426.4					
1989	ME	45.45910278	-69.22576944	17	408	1219961	91.646					
1989	MI	44.34451944	-84.69451944	93	6510	9295297	25049.4					
1989	MN	46.37010556	-94.67010556	155	14260	4375099	22517.1					
1989	MS	32.77700556	-89.66033889	24	792	2573216	12543.4					
1989	MO	38.43345278	-92.51678611	33	2046	5117073	18053.3					
1989	MT	47.19634167	-109.0463333	100	6300	799065	38083.8					
1989	NE	41.36925833	-99.635925	15	810	1578385	20034.5					
1989	NJ	40.21587222	-74.49920556	25	575	7730188	2258.8					
1989	NY	43.17661667	-75.50995	94	5546	17990455	14129.9					
1989	NC	35.64380278	-79.37713611	25	950	6628637	13938.9					
1989	ND	47.43108889	-100.0527222	290	16240	638800	18311.2					
1989	OH	40.29351111	-82.82684444	53	1060	10847115	11609.6					
1989	OR	43.87287222	-120.0895278	63	2457	2842321	25480.5					
1989	PA	40.82463056	-77.64129722	41	1599	11881643	119.283					
1989	SD	44.47313333	-100.0231111	230	11270	696004	19973.1					
1989	TN	35.85901389	-86.47430556	25	625	4877185	10915.1					
1989	TX	31.58439444	-99.21844444	134	7504	16986510	69562.1					
1989	UT	39.44435556	-111.061	43	1892	1722850	21988.7					
1989	VT	44.15561667	-72.06024167	6	366	562758	2490.1					
1989	VA	37.55003056	-78.783875	23	460	6187358	11078.5					
1989	WA	47.41219444	-120.0288611	66	3036	4866692	18466.5					
1989	WV	38.72501944	-80.54168611	32	1408	1793477	6275.5					
1989	WI	44.59897778	-89.68231111	101	7474	4891769	16963.9					
1989	WY	43.07391389	-107.56	40	1880	453588	25333.6					
1990	AL	32.46189917	-86.79523056	29	1102	4048526	13576.5					
1990	AZ	34.20952778	-111.0595278	67	3216	3679056	28635.1					
1990	ARK	34.41672972	-92.45006306	31	2325	2354343	13773.2					
1990	CAL	37.75058917	-120.0505889	480	20160	29950111	42397					
1990	COLO	38.96655833	-105.0998889	55	3520	3303862	26960.1					
1990	FLA	28.83524083	-81.91857417	220	20900	13018365	17030.4					
1990	GA	32.67768111	-83.52768056	111	5550	6506531	14999.8					
1990	HAW	19.51250278	-155.0625	10	1570	1112703	2831.1					
1990	ID	39.93660444	-86.21993611	140	5600	1011882	216.446					
1990	ILL	40.07544444	-89.30877778	19	760	11446979	14999.8					
1990	IND	39.86693611	-86.14471389	22	1034	5555097	94.321					
1990	IOWA	41.93358056	-93.48358056	70	3780	2779769	14574.3					
1990	KS	38.43878889	-98.40545556	36	2412	2480683	21309.6					
1990	KY	37.43447222	-85.09002778	8	352	3692584	10465.9					
1990	LA	31.39494444	-92.51678611	38	3382	4219179	13426.4					
1990	ME	45.45910278	-69.22576944	18	432	1231719	91.646					
1990	MI	44.34451944	-84.69451944	15	195	9310462	25049.4					
1990	MN	46.37010556	-94.67010556	170	12580	4387283	22517.1					
1990	MS	32.77700556	-89.66033889	24	1488	2577426	12543.4					
1990	MO	38.43345278	-92.51678611	30	1890	5126370	18053.3					
1990	MT	47.19634167	-109.0463333	95	7695	799824	38083.8					
1990	NE	41.36925833	-99.635925	118	6608	1580664	20034.5					
1990	NJ	40.21587222	-74.49920556	15	315	7757158	2258.8					
1990	NY	43.17661667	-75.50995	81	4374	18002855	14129.9					
1990	NC	35.64380278	-79.37713611	20	1000	6656987	13938.9					
1990	ND	47.43108889	-100.0527222	210	17220	637364	18311.2					
1990	OH	40.29351111	-82.82684444	40	2040	10861837	11609.6					
1990	OR	43.87287222	-120.0895278	61	2562	2858547	25480.5					
1990	PA	40.82463056	-77.64129722	41	1148	11895604	119.283					
1990	SD	44.47313333	-100.0231111	245	19845	696667	19973.1					
1990	TN	35.85901389	-86.47430556	19	627	4890626	10915.1					
1990	TX	31.58439444	-99.21844444	140	9380	17044714	69562.1					
1990	UT	39.44435556	-111.061	47	1739	1729722	21988.7					
1990	VT	44.15561667	-72.06024167	6	390	564526	2490.1					
1990	VA	37.55003056	-78.783875	16	544	6213526	11078.5					
1990	WA	47.41219444	-120.0288611	80	4400	4900780	18466.5					
1990	WV	38.72501944	-80.54168611	30	900	1792481	6275.5					
1990	WI	44.59897778	-89.68231111	112	8400	4902265	16963.9					
1990	WY	43.07391389	-107.56	40	2280	453401	25333.6					
1991	AL	32.46189917	-86.79523056	20	500	4091397	13576.5					
1991	AZ	34.20952778	-111.0595278	75	3750	3762394	28635.1					
1991	ARK	34.41672972	-92.45006306	47	3713	2370666	13773.2					
1991	CAL	37.75058917	-120.0505889	520	32760	30414114	42397					
1991	COLO	38.96655833	-105.0998889	50	3950	3367567	26960.1					
1991	FLA	28.83524083	-81.91857417	225	18675	13289497	17030.4					
1991	GA	32.67768111	-83.52768056	102	4282	6621279	14999.8					
1991	HAW	19.51250278	-155.0625	10	1310	1131412	2831.1					
1991	ID	39.93660444	-86.21993611	140	6440	1038915	216.446					
1991	ILL	40.07544444	-89.30877778	21	1092	11535973	14999.8					
1991	IND	39.86693611	-86.14471389	21	1050	5602062	94.321					
1991	IOWA	41.93358056	-93.48358056	92	5152	2791227	14574.3					
1991	KS	38.43878889	-98.40545556	35	1820	2495209	21309.6					
1991	KY	37.43447222	-85.09002778	7	175	3714686	10465.9					
1991	LA	31.39494444	-92.51678611	40	2800	4240950	13426.4					
1991	ME	45.45910278	-69.22576944	13	546	1237081	91.646					
1991	MI	44.34451944	-84.69451944	105	7665	9395022	25049.4					
1991	MN	46.37010556	-94.67010556	180	16380	4427429	22517.1					
1991	MS	32.77700556	-89.66033889	28	1008	2591230	12543.4					
1991	MO	38.43345278	-92.51678611	28	1820	5157770	18053.3					
1991	MT	47.19634167	-109.0463333	86	7912	807837	38083.8					
1991	NE	41.36925833	-99.635925	108	7236	1590805	20034.5					
1991	NJ	40.21587222	-74.49920556	11	341	7784269	2258.8					
1991	NY	43.17661667	-75.50995	77	4774	18029532	14129.9					
1991	NC	35.64380278	-79.37713611	18	1044	6748135	13938.9					
1991	ND	47.43108889	-100.0527222	215	22145	634199	18311.2					
1991	OH	40.29351111	-82.82684444	48	2928	10933683	11609.6					
1991	OR	43.87287222	-120.0895278	56	2576	2918745	25480.5					
1991	PA	40.82463056	-77.64129722	40	1800	11943160	119.283					
1991	SD	44.47313333	-100.0231111	225	22725	701445	19973.1					
1991	TN	35.85901389	-86.47430556	14	532	4946886	10915.1					
1991	TX	31.58439444	-99.21844444	140	10920	17339904	69562.1					
1991	UT	39.44435556	-111.061	45	1530	1771941	21988.7					
1991	VT	44.15561667	-72.06024167	6	450	567141	2490.1					
1991	VA	37.55003056	-78.783875	16	528	6283853	11078.5					
1991	WA	47.41219444	-120.0288611	85	3570	5013443	18466.5					
1991	WV	38.72501944	-80.54168611	26	624	1798212	6275.5					
1991	WI	44.59897778	-89.68231111	110	7370	4952675	16963.9					
1991	WY	43.07391389	-107.56	41	2132	457739	25333.6					
1992	AL	32.46189917	-86.79523056	25	1025	4139880	13576.5					
1992	AZ	34.20952778	-111.0595278	70	3780	3867333	28635.1					
1992	ARK	34.41672972	-92.45006306	45	2925	2394098	13773.2					
1992	CAL	37.75058917	-120.0505889	470	31490	30875920	42397					
1992	COLO	38.96655833	-105.0998889	52	3848	3459995	26960.1					
1992	FLA	28.83524083	-81.91857417	220	22880	13504775	17030.4					
1992	GA	32.67768111	-83.52768056	85	4675	6759474	14999.8					
1992	HAW	19.51250278	-155.0625	9	1242	1149926	2831.1					
1992	ID	39.93660444	-86.21993611	135	6885	1066490	216.446					
1992	ILL	40.07544444	-89.30877778	16	848	11635197	14999.8					
1992	IND	39.86693611	-86.14471389	15	465	5648649	94.321					
1992	IOWA	41.93358056	-93.48358056	65	4030	2806923	14574.3					
1992	KS	38.43878889	-98.40545556	28	1624	2526042	21309.6					
1992	KY	37.43447222	-85.09002778	4	120	3756358	10465.9					
1992	LA	31.39494444	-92.51678611	45	4815	4270849	13426.4					
1992	ME	45.45910278	-69.22576944	15	330	1238508	91.646					
1992	MI	44.34451944	-84.69451944	95	6460	9470323	25049.4					
1992	MN	46.37010556	-94.67010556	190	17100	4471503	22517.1					
1992	MS	32.77700556	-89.66033889	25	1625	2610193	12543.4					
1992	MO	38.43345278	-92.51678611	25	1925	5193686	18053.3					
1992	MT	47.19634167	-109.0463333	87	9570	822436	38083.8					
1992	NE	41.36925833	-99.635925	96	7200	1602406	20034.5					
1992	NJ	40.21587222	-74.49920556	8	176	7827770	2258.8					
1992	NY	43.17661667	-75.50995	70	4620	18082032	14129.9					
1992	NC	35.64380278	-79.37713611	15	675	6831850	13938.9					
1992	ND	47.43108889	-100.0527222	240	21840	635427	18311.2					
1992	OH	40.29351111	-82.82684444	43	1419	11007609	11609.6					
1992	OR	43.87287222	-120.0895278	52	2548	2973934	25480.5					
1992	PA	40.82463056	-77.64129722	30	1230	11980819	119.283					
1992	SD	44.47313333	-100.0231111	240	20400	708698	19973.1					
1992	TN	35.85901389	-86.47430556	7	301	5013999	10915.1					
1992	TX	31.58439444	-99.21844444	125	10625	17650479	69562.1					
1992	UT	39.44435556	-111.061	47	2632	1821498	21988.7					
1992	VT	44.15561667	-72.06024167	6	378	570115	2490.1					
1992	VA	37.55003056	-78.783875	13	494	6383315	11078.5					
1992	WA	47.41219444	-120.0288611	80	3520	5139011	18466.5					
1992	WV	38.72501944	-80.54168611	23	1265	1805462	6275.5					
1992	WI	44.59897778	-89.68231111	105	6930	5004636	16963.9					
1992	WY	43.07391389	-107.56	41	2870	463491	25333.6					
1993	AL	32.46189917	-86.79523056	19	855	4193639	13576.5					
1993	AZ	34.20952778	-111.0595278	55	4235	3993390	28635.1					
1993	ARK	34.41672972	-92.45006306	50	3650	2423743	13773.2					
1993	CAL	37.75058917	-120.0505889	500	45000	31147208	42397					
1993	COLO	38.96655833	-105.0998889	53	3869	3560884	26960.1					
1993	FLA	28.83524083	-81.91857417	200	22600	13713593	17030.4					
1993	GA	32.67768111	-83.52768056	80	4480	6894092	14999.8					
1993	HAW	19.51250278	-155.0625	9	1593	1161508	2831.1					
1993	ID	39.93660444	-86.21993611	133	9443	1101204	216.446					
1993	ILL	40.07544444	-89.30877778	15	720	11725984	14999.8					
1993	IND	39.86693611	-86.14471389	12	792	5701965	94.321					
1993	IOWA	41.93358056	-93.48358056	60	2940	2820525	14574.3					
1993	KS	38.43878889	-98.40545556	23	1311	2547605	21309.6					
1993	KY	37.43447222	-85.09002778	4	240	3792288	10465.9					
1993	LA	31.39494444	-92.51678611	47	4042	4284749	13426.4					
1993	ME	45.45910278	-69.22576944	15	540	1242302	91.646					
1993	MI	44.34451944	-84.69451944	90	6930	9529240	25049.4					
1993	MN	46.37010556	-94.67010556	180	14400	4521709	22517.1					
1993	MS	32.77700556	-89.66033889	17	1037	2635574	12543.4					
1993	MO	38.43345278	-92.51678611	24	1872	5237757	18053.3					
1993	MT	47.19634167	-109.0463333	87	8526	839876	38083.8					
1993	NE	41.36925833	-99.635925	83	5810	1612149	20034.5					
1993	NJ	40.21587222	-74.49920556	9	252	7874891	2258.8					
1993	NY	43.17661667	-75.50995	65	4030	18140894	14129.9					
1993	NC	35.64380278	-79.37713611	15	795	6947412	13938.9					
1993	ND	47.43108889	-100.0527222	220	19800	637229	18311.2					
1993	OH	40.29351111	-82.82684444	35	2310	11070385	11609.6					
1993	OR	43.87287222	-120.0895278	53	3551	3034490	25480.5					
1993	PA	40.82463056	-77.64129722	28	1120	12022128	119.283					
1993	SD	44.47313333	-100.0231111	245	24010	716258	19973.1					
1993	TN	35.85901389	-86.47430556	8	408	5085666	10915.1					
1993	TX	31.58439444	-99.21844444	105	8610	17996764	69562.1					
1993	UT	39.44435556	-111.061	42	2226	1875993	21988.7					
1993	VT	44.15561667	-72.06024167	6	492	574004	2490.1					
1993	VA	37.55003056	-78.783875	10	540	6464795	11078.5					
1993	WA	47.41219444	-120.0288611	60	2700	5247704	18466.5					
1993	WV	38.72501944	-80.54168611	20	740	1816179	6275.5					
1993	WI	44.59897778	-89.68231111	100	8200	5055318	16963.9					
1993	WY	43.07391389	-107.56	34	1870	469033	25333.6					
1994	AL	32.46189917	-86.79523056	18	900	4233214	13576.5					
1994	AZ	34.20952778	-111.0595278	47	2773	4147561	28635.1					
1994	ARK	34.41672972	-92.45006306	50	3550	2450605	13773.2					
1994	CAL	37.75058917	-120.0505889	400	24000	31317179	42397					
1994	COLO	38.96655833	-105.0998889	45	3420	3653910	26960.1					
1994	FLA	28.83524083	-81.91857417	230	19320	13961798	17030.4					
1994	GA	32.67768111	-83.52768056	80	5040	7045900	14999.8					
1994	HAW	19.51250278	-155.0625	11	1100	1173903	2831.1					
1994	ID	39.93660444	-86.21993611	127	7493	1135459	216.446					
1994	ILL	40.07544444	-89.30877778	13	1040	11804986	14999.8					
1994	IND	39.86693611	-86.14471389	13	702	5745626	94.321					
1994	IOWA	41.93358056	-93.48358056	55	3630	2829422	14574.3					
1994	KS	38.43878889	-98.40545556	19	893	2569118	21309.6					
1994	KY	37.43447222	-85.09002778	3	162	3823215	10465.9					
1994	LA	31.39494444	-92.51678611	35	3430	4306500	13426.4					
1994	ME	45.45910278	-69.22576944	8	440	1242662	91.646					
1994	MI	44.34451944	-84.69451944	90	7740	9584481	25049.4					
1994	MN	46.37010556	-94.67010556	170	13430	4566028	22517.1					
1994	MS	32.77700556	-89.66033889	19	1007	2663450	12543.4					
1994	MO	38.43345278	-92.51678611	25	1925	5281206	18053.3					
1994	MT	47.19634167	-109.0463333	119	12495	854923	38083.8					
1994	NE	41.36925833	-99.635925	72	3960	1621551	20034.5					
1994	NJ	40.21587222	-74.49920556	9	297	7918796	2258.8					
1994	NY	43.17661667	-75.50995	68	4624	18156652	14129.9					
1994	NC	35.64380278	-79.37713611	15	885	7060959	13938.9					
1994	ND	47.43108889	-100.0527222	235	32430	639762	18311.2					
1994	OH	40.29351111	-82.82684444	27	1728	11111451	11609.6					
1994	OR	43.87287222	-120.0895278	50	3250	3087142	25480.5					
1994	PA	40.82463056	-77.64129722	27	1269	12042545	119.283					
1994	SD	44.47313333	-100.0231111	260	26000	723038	19973.1					
1994	TN	35.85901389	-86.47430556	6	306	5163016	10915.1					
1994	TX	31.58439444	-99.21844444	103	7622	18338319	69562.1					
1994	UT	39.44435556	-111.061	43	2537	1930436	21988.7					
1994	VT	44.15561667	-72.06024167	5	385	578900	2490.1					
1994	VA	37.55003056	-78.783875	11	572	6536771	11078.5					
1994	WA	47.41219444	-120.0288611	60	3720	5334896	18466.5					
1994	WV	38.72501944	-80.54168611	20	880	1818490	6275.5					
1994	WI	44.59897778	-89.68231111	75	5325	5095504	16963.9					
1994	WY	43.07391389	-107.56	46	3174	474982	25333.6					
1995	AL	32.46189917	-86.79523056	16	928	4263125	13576.5					
1995	AZ	34.20952778	-111.0595278	52	4108	4306908	28635.1					
1995	ARK	34.41672972	-92.45006306	50	3000	2480121	13773.2					
1995	CAL	37.75058917	-120.0505889	420	39060	31493525	42397					
1995	COLO	38.96655833	-105.0998889	45	2700	3738061	26960.1					
1995	FLA	28.83524083	-81.91857417	230	19780	14185403	17030.4					
1995	GA	32.67768111	-83.52768056	70	4340	7188538	14999.8					
1995	HAW	19.51250278	-155.0625	8	1032	1180490	2831.1					
1995	ID	39.93660444	-86.21993611	125	6000	1165000	216.446					
1995	ILL	40.07544444	-89.30877778	11	814	11884935	14999.8					
1995	IND	39.86693611	-86.14471389	12	756	5791819	94.321					
1995	IOWA	41.93358056	-93.48358056	50	3400	2840860	14574.3					
1995	KS	38.43878889	-98.40545556	17	1139	2586942	21309.6					
1995	KY	37.43447222	-85.09002778	3	132	3855248	10465.9					
1995	LA	31.39494444	-92.51678611	33	3927	4327978	13426.4					
1995	ME	45.45910278	-69.22576944	11	495	1243480	91.646					
1995	MI	44.34451944	-84.69451944	97	8924	9659871	25049.4					
1995	MN	46.37010556	-94.67010556	165	13530	4605445	22517.1					
1995	MS	32.77700556	-89.66033889	16	1120	2690788	12543.4					
1995	MO	38.43345278	-92.51678611	23	1541	5324610	18053.3					
1995	MT	47.19634167	-109.0463333	106	8480	868522	38083.8					
1995	NE	41.36925833	-99.635925	60	4380	1635142	20034.5					
1995	NJ	40.21587222	-74.49920556	8	272	7965523	2258.8					
1995	NY	43.17661667	-75.50995	70	5250	18150928	14129.9					
1995	NC	35.64380278	-79.37713611	12	624	7185403	13938.9					
1995	ND	47.43108889	-100.0527222	220	23760	641548	18311.2					
1995	OH	40.29351111	-82.82684444	25	1550	11155493	11609.6					
1995	OR	43.87287222	-120.0895278	52	2704	3141421	25480.5					
1995	PA	40.82463056	-77.64129722	25	1075	12044780	119.283					
1995	SD	44.47313333	-100.0231111	240	20400	728251	19973.1					
1995	TN	35.85901389	-86.47430556	4	212	5241168	10915.1					
1995	TX	31.58439444	-99.21844444	84	8904	18679706	69562.1					
1995	UT	39.44435556	-111.061	32	1056	1976774	21988.7					
1995	VT	44.15561667	-72.06024167	5	335	582827	2490.1					
1995	VA	37.55003056	-78.783875	9	405	6601392	11078.5					
1995	WA	47.41219444	-120.0288611	60	3540	5431024	18466.5					
1995	WV	38.72501944	-80.54168611	13	533	1820560	6275.5					
1995	WI	44.59897778	-89.68231111	73	5767	5137004	16963.9					
1995	WY	43.07391389	-107.56	38	1368	478447	25333.6					
1996	AL	32.46189917	-86.79523056	16	124	4290678	13576.5					
1996	AZ	34.20952778	-111.0595278	32	1920	4432308	28635.1					
1996	ARK	34.41672972	-92.45006306	40	3360	2504858	13773.2					
1996	CAL	37.75058917	-120.0505889	390	27300	31780829	42397					
1996	COLO	38.96655833	-105.0998889	30	2220	3812716	26960.1					
1996	FLA	28.83524083	-81.91857417	240	25200	14426911	17030.4					
1996	GA	32.67768111	-83.52768056	75	5100	7332225	14999.8					
1996	HAW	19.51250278	-155.0625	8	1240	1184434	2831.1					
1996	ID	39.93660444	-86.21993611	110	4950	1187706	216.446					
1996	ILL	40.07544444	-89.30877778	11	814	11953003	14999.8					
1996	IND	39.86693611	-86.14471389	9	675	5834908	94.321					
1996	IOWA	41.93358056	-93.48358056	58	3886	2848473	14574.3					
1996	KS	38.43878889	-98.40545556	16	816	2598266	21309.6					
1996	KY	37.43447222	-85.09002778	3	180	3881051	10465.9					
1996	LA	31.39494444	-92.51678611	37	3922	4338763	13426.4					
1996	ME	45.45910278	-69.22576944	10	230	1249060	91.646					
1996	MI	44.34451944	-84.69451944	90	8640	9739184	25049.4					
1996	MN	46.37010556	-94.67010556	150	11550	4647723	22517.1					
1996	MS	32.77700556	-89.66033889	17	1360	2709925	12543.4					
1996	MO	38.43345278	-92.51678611	22	1628	5367888	18053.3					
1996	MT	47.19634167	-109.0463333	117	7020	876656	38083.8					
1996	NE	41.36925833	-99.635925	65	4875	1647657	20034.5					
1996	NJ	40.21587222	-74.49920556	5	225	8009624	2258.8					
1996	NY	43.17661667	-75.50995	68	5440	18143805	14129.9					
1996	NC	35.64380278	-79.37713611	12	528	7307658	13938.9					
1996	ND	47.43108889	-100.0527222	230	19780	642858	18311.2					
1996	OH	40.29351111	-82.82684444	24	1680	11187032	11609.6					
1996	OR	43.87287222	-120.0895278	55	3245	3195087	25480.5					
1996	PA	40.82463056	-77.64129722	23	1058	12038008	119.283					
1996	SD	44.47313333	-100.0231111	240	23280	730699	19973.1					
1996	TN	35.85901389	-86.47430556	5	320	5313576	10915.1					
1996	TX	31.58439444	-99.21844444	82	6806	19006240	69562.1					
1996	UT	39.44435556	-111.061	34	1564	2022253	21988.7					
1996	VT	44.15561667	-72.06024167	4	332	586352	2490.1					
1996	VA	37.55003056	-78.783875	7	350	6665491	11078.5					
1996	WA	47.41219444	-120.0288611	57	3306	5509963	18466.5					
1996	WV	38.72501944	-80.54168611	10	590	1818983	6275.5					
1996	WI	44.59897778	-89.68231111	69	5382	5173828	16963.9					
1996	WY	43.07391389	-107.56	40	2920	480085	25333.6					
1997	AL	32.46189917	-86.79523056	14	924	4320692	13576.5					
1997	AZ	34.20952778	-111.0595278	32	2560	4552207	28635.1					
1997	ARK	34.41672972	-92.45006306	40	3800	2524007	13773.2					
1997	CAL	37.75058917	-120.0505889	400	30000	32217708	42397					
1997	COLO	38.96655833	-105.0998889	35	1925	3891293	26960.1					
1997	FLA	28.83524083	-81.91857417	240	16080	14683350	17030.4					
1997	GA	32.67768111	-83.52768056	75	3450	7486094	14999.8					
1997	HAW	19.51250278	-155.0625	9	1314	1189322	2831.1					
1997	ID	39.93660444	-86.21993611	120	7680	1210638	216.446					
1997	ILL	40.07544444	-89.30877778	7	483	12011509	14999.8					
1997	IND	39.86693611	-86.14471389	8	568	5872370	94.321					
1997	IOWA	41.93358056	-93.48358056	51	3774	2854396	14574.3					
1997	KS	38.43878889	-98.40545556	17	1207	2616339	21309.6					
1997	KY	37.43447222	-85.09002778	3	180	3907816	10465.9					
1997	LA	31.39494444	-92.51678611	38	4370	4351390	13426.4					
1997	ME	45.45910278	-69.22576944	8	152	1254774	91.646					
1997	MI	44.34451944	-84.69451944	85	5950	9785450	25049.4					
1997	MN	46.37010556	-94.67010556	145	10585	4687726	22517.1					
1997	MS	32.77700556	-89.66033889	19	1387	2731826	12543.4					
1997	MO	38.43345278	-92.51678611	24	1848	5407113	18053.3					
1997	MT	47.19634167	-109.0463333	107	12840	878706	38083.8					
1997	NE	41.36925833	-99.635925	61	4087	1656042	20034.5					
1997	NJ	40.21587222	-74.49920556	8	392	8054178	2258.8					
1997	NY	43.17661667	-75.50995	72	4320	18143184	14129.9					
1997	NC	35.64380278	-79.37713611	8	464	7428672	13938.9					
1997	ND	47.43108889	-100.0527222	245	24500	640945	18311.2					
1997	OH	40.29351111	-82.82684444	22	1760	11212498	11609.6					
1997	OR	43.87287222	-120.0895278	47	2491	3243254	25480.5					
1997	PA	40.82463056	-77.64129722	22	1056	12015888	119.283					
1997	SD	44.47313333	-100.0231111	240	15600	730855	19973.1					
1997	TN	35.85901389	-86.47430556	6	372	5378433	10915.1					
1997	TX	31.58439444	-99.21844444	94	9964	19355427	69562.1					
1997	UT	39.44435556	-111.061	32	1664	2065397	21988.7					
1997	VT	44.15561667	-72.06024167	5	315	588665	2490.1					
1997	VA	37.55003056	-78.783875	8	424	6732878	11078.5					
1997	WA	47.41219444	-120.0288611	54	2808	5604105	18466.5					
1997	WV	38.72501944	-80.54168611	8	560	1815588	6275.5					
1997	WI	44.59897778	-89.68231111	79	4740	5200235	16963.9					
1997	WY	43.07391389	-107.56	38	2356	480031	25333.6					
1998	AL	32.46189917	-86.79523056	16	1136	4350594	13576.5					
1998	AZ	34.20952778	-111.0595278	55	3300	4667277	28635.1					
1998	ARK	34.41672972	-92.45006306	53	3445	2538202	13773.2					
1998	CAL	37.75058917	-120.0505889	450	37350	32682794	42397					
1998	COLO	38.96655833	-105.0998889	27	1944	3968967	26960.1					
1998	FLA	28.83524083	-81.91857417	230	22540	14908230	17030.4					
1998	GA	32.67768111	-83.52768056	75	4200	7636522	14999.8					
1998	HAW	19.51250278	-155.0625	8	944	1190472	2831.1					
1998	ID	39.93660444	-86.21993611	120	6000	1230923	216.446					
1998	ILL	40.07544444	-89.30877778	9	639	12069774	14999.8					
1998	IND	39.86693611	-86.14471389	9	828	5907617	94.321					
1998	IOWA	41.93358056	-93.48358056	50	3900	2861025	14574.3					
1998	KS	38.43878889	-98.40545556	16	736	2638667	21309.6					
1998	KY	37.43447222	-85.09002778	3	150	3934310	10465.9					
1998	LA	31.39494444	-92.51678611	41	4551	4362758	13426.4					
1998	ME	45.45910278	-69.22576944	10	260	1259127	91.646					
1998	MI	44.34451944	-84.69451944	80	6800	9820231	25049.4					
1998	MN	46.37010556	-94.67010556	140	11060	4726411	22517.1					
1998	MS	32.77700556	-89.66033889	18	1548	2751335	12543.4					
1998	MO	38.43345278	-92.51678611	23	1518	5437562	18053.3					
1998	MT	47.19634167	-109.0463333	115	14030	879533	38083.8					
1998	NE	41.36925833	-99.635925	64	4480	1660772	20034.5					
1998	NJ	40.21587222	-74.49920556	11	539	8095542	2258.8					
1998	NY	43.17661667	-75.50995	65	5200	18159175	14129.9					
1998	NC	35.64380278	-79.37713611	8	472	7545828	13938.9					
1998	ND	47.43108889	-100.0527222	230	29440	637808	18311.2					
1998	OH	40.29351111	-82.82684444	18	1404	11237752	11609.6					
1998	OR	43.87287222	-120.0895278	50	2250	3282055	25480.5					
1998	PA	40.82463056	-77.64129722	23	1518	12002329	119.283					
1998	SD	44.47313333	-100.0231111	225	21375	730789	19973.1					
1998	TN	35.85901389	-86.47430556	7	448	5432679	10915.1					
1998	TX	31.58439444	-99.21844444	91	7007	19712389	69562.1					
1998	UT	39.44435556	-111.061	30	1740	2100562	21988.7					
1998	VT	44.15561667	-72.06024167	6	384	590579	2490.1					
1998	VA	37.55003056	-78.783875	8	296	6789225	11078.5					
1998	WA	47.41219444	-120.0288611	58	2958	5687832	18466.5					
1998	WV	38.72501944	-80.54168611	6	330	1811688	6275.5					
1998	WI	44.59897778	-89.68231111	89	8099	5222124	16963.9					
1998	WY	43.07391389	-107.56	46	2760	480045	25333.6					
1999	AL	32.46189917	-86.79523056	17	1156	4369224	13576.5					
1999	AZ	34.20952778	-111.0595278	52	3224	4778332	28635.1					
1999	ARK	34.41672972	-92.45006306	52	4628	2551373	13773.2					
1999	CAL	37.75058917	-120.0505889	505	30300	33145121	42397					
1999	COLO	38.96655833	-105.0998889	27	2052	4056133	26960.1					
1999	FLA	28.83524083	-81.91857417	228	23256	15111244	17030.4					
1999	GA	32.67768111	-83.52768056	65	3315	7788240	14999.8					
1999	HAW	19.51250278	-155.0625	8	640	1185497	2831.1					
1999	ID	39.93660444	-86.21993611	120	5760	1251700	216.446					
1999	ILL	40.07544444	-89.30877778	9	594	12128370	14999.8					
1999	IND	39.86693611	-86.14471389	10	810	5942901	94.321					
1999	IOWA	41.93358056	-93.48358056	40	2600	2869413	14574.3					
1999	KS	38.43878889	-98.40545556	13	871	2654052	21309.6					
1999	KY	37.43447222	-85.09002778	3	150	3960825	10465.9					
1999	LA	31.39494444	-92.51678611	48	5472	4372035	13426.4					
1999	ME	45.45910278	-69.22576944	14	308	1266808	91.646					
1999	MI	44.34451944	-84.69451944	73	6205	9863775	25049.4					
1999	MN	46.37010556	-94.67010556	145	11890	4775508	22517.1					
1999	MS	32.77700556	-89.66033889	18	1314	2768619	12543.4					
1999	MO	38.43345278	-92.51678611	24	1560	5468338	18053.3					
1999	MT	47.19634167	-109.0463333	122	8540	882779	38083.8					
1999	NE	41.36925833	-99.635925	58	4466	1666028	20034.5					
1999	NJ	40.21587222	-74.49920556	10	440	8143412	2258.8					
1999	NY	43.17661667	-75.50995	69	4830	18196601	14129.9					
1999	NC	35.64380278	-79.37713611	9	414	7650789	13938.9					
1999	ND	47.43108889	-100.0527222	255	26775	633666	18311.2					
1999	OH	40.29351111	-82.82684444	20	1480	11256654	11609.6					
1999	OR	43.87287222	-120.0895278	45	2565	3316154	25480.5					
1999	PA	40.82463056	-77.64129722	25	1500	11994016	119.283					
1999	SD	44.47313333	-100.0231111	224	23296	733133	19973.1					
1999	TN	35.85901389	-86.47430556	8	408	5483535	10915.1					
1999	TX	31.58439444	-99.21844444	108	8748	20044141	69562.1					
1999	UT	39.44435556	-111.061	26	1170	2129836	21988.7					
1999	VT	44.15561667	-72.06024167	6	396	593740	2490.1					
1999	VA	37.55003056	-78.783875	7	245	6872912	11078.5					
1999	WA	47.41219444	-120.0288611	52	2600	5756361	18466.5					
1999	WV	38.72501944	-80.54168611	6	234	1806928	6275.5					
1999	WI	44.59897778	-89.68231111	80	6000	5250446	16963.9					
1999	WY	43.07391389	-107.56	37	2664	479602	25333.6					
2000	AL	32.46189917	-86.79523056	16	1248	4385739	13576.5					
2000	AZ	34.20952778	-111.0595278	40	2360	4882966	28635.1					
2000	ARK	34.41672972	-92.45006306	55	5115	2576476	13773.2					
2000	CAL	37.75058917	-120.0505889	440	30800	33634154	42397					
2000	COLO	38.96655833	-105.0998889	29	1740	4136998	26960.1					
2000	FLA	28.83524083	-81.91857417	232	24360	15332382	17030.4					
2000	GA	32.67768111	-83.52768056	55	3135	7942706	14999.8					
2000	HAW	19.51250278	-155.0625	7	784	1178955	2831.1					
2000	ID	39.93660444	-86.21993611	100	4700	1273338	216.446					
2000	ILL	40.07544444	-89.30877778	8	488	12185213	14999.8					
2000	IND	39.86693611	-86.14471389	8	520	5976510	94.321					
2000	IOWA	41.93358056	-93.48358056	30	2010	2877770	14574.3					
2000	KS	38.43878889	-98.40545556	15	1020	2666127	21309.6					
2000	KY	37.43447222	-85.09002778	3	144	3985794	10465.9					
2000	LA	31.39494444	-92.51678611	43	4042	4375055	13426.4					
2000	ME	45.45910278	-69.22576944	11	231	1277072	91.646					
2000	MI	44.34451944	-84.69451944	72	5400	9918208	25049.4					
2000	MN	46.37010556	-94.67010556	150	13500	4828097	22517.1					
2000	MS	32.77700556	-89.66033889	17	1224	2787021	12543.4					
2000	MO	38.43345278	-92.51678611	23	1725	5502695	18053.3					
2000	MT	47.19634167	-109.0463333	148	12728	887885	38083.8					
2000	NE	41.36925833	-99.635925	50	4350	1670458	20034.5					
2000	NJ	40.21587222	-74.49920556	11	385	8204412	2258.8					
2000	NY	43.17661667	-75.50995	58	4640	18279410	14129.9					
2000	NC	35.64380278	-79.37713611	11	539	7747707	13938.9					
2000	ND	47.43108889	-100.0527222	290	33350	629316	18311.2					
2000	OH	40.29351111	-82.82684444	18	1170	11270877	11609.6					
2000	OR	43.87287222	-120.0895278	48	2448	3341584	25480.5					
2000	PA	40.82463056	-77.64129722	22	990	11984572	119.283					
2000	SD	44.47313333	-100.0231111	235	28435	737333	19973.1					
2000	TN	35.85901389	-86.47430556	9	549	5533756	10915.1					
2000	TX	31.58439444	-99.21844444	105	8295	20393784	69562.1					
2000	UT	39.44435556	-111.061	24	984	2164765	21988.7					
2000	VT	44.15561667	-72.06024167	7	413	597921	2490.1					
2000	VA	37.55003056	-78.783875	7	294	6970263	11078.5					
2000	WA	47.41219444	-120.0288611	52	2808	5811180	18466.5					
2000	WV	38.72501944	-80.54168611	7	378	1802555	6275.5					
2000	WI	44.59897778	-89.68231111	84	7560	5280411	16963.9					
2000	WY	43.07391389	-107.56	39	3627	480893	25333.6					
2001	AL	32.46189917	-86.79523056	14	1022	4463343	13576.5					
2001	AZ	34.20952778	-111.0595278	43	2537	5303869	28635.1					
2001	ARK	34.41672972	-92.45006306	58	5655	2690743	13773.2					
2001	CAL	37.75058917	-120.0505889	425	27625	34481753	42397					
2001	COLO	38.96655833	-105.0998889	26	1430	4432779	26960.1					
2001	FLA	28.83524083	-81.91857417	220	2200	16350988	17030.4					
2001	GA	32.67768111	-83.52768056	55	3135	8418687	14999.8					
2001	HAW	19.51250278	-155.0625	8	696	1218790	2831.1					
2001	ID	39.93660444	-86.21993611	100	4600	1320791	216.446					
2001	ILL	40.07544444	-89.30877778	6	456	12506636	14999.8					
2001	IND	39.86693611	-86.14471389	8	608	6124090	94.321					
2001	IOWA	41.93358056	-93.48358056	33	1683	2929240	14574.3					
2001	KS	38.43878889	-98.40545556	13	663	2701167	21309.6					
2001	KY	37.43447222	-85.09002778	3	234	4068775	10465.9					
2001	LA	31.39494444	-92.51678611	45	4770	4460400	13426.4					
2001	ME	45.45910278	-69.22576944	11	220	1285692	91.646					
2001	MI	44.34451944	-84.69451944	76	4560	10005334	25049.4					
2001	MN	46.37010556	-94.67010556	135	10935	4982180	22517.1					
2001	MS	32.77700556	-89.66033889	17	1122	2853090	12543.4					
2001	MO	38.43345278	-92.51678611	25	1525	5642852	18053.3					
2001	MT	47.19634167	-109.0463333	136	13872	905782	38083.8					
2001	NE	41.36925833	-99.635925	43	2064	1717672	20034.5					
2001	NJ	40.21587222	-74.49920556	11	374	8488427	2258.8					
2001	NY	43.17661667	-75.50995	53	3710	19087486	14129.9					
2001	NC	35.64380278	-79.37713611	11	484	8202468	13938.9					
2001	ND	47.43108889	-100.0527222	280	26880	636225	18311.2					
2001	OH	40.29351111	-82.82684444	16	1296	11395572	11609.6					
2001	OR	43.87287222	-120.0895278	44	1936	3469878	25480.5					
2001	PA	40.82463056	-77.64129722	17	969	12296977	119.283					
2001	SD	44.47313333	-100.0231111	235	15275	758803	19973.1					
2001	TN	35.85901389	-86.47430556	9	531	5754748	10915.1					
2001	TX	31.58439444	-99.21844444	97	7663	21330190	69562.1					
2001	UT	39.44435556	-111.061	23	874	2290966	21988.7					
2001	VT	44.15561667	-72.06024167	7	567	611889	2490.1					
2001	VA	37.55003056	-78.783875	9	468	7191579	11078.5					
2001	WA	47.41219444	-120.0288611	42	2184	5988346	18466.5					
2001	WV	38.72501944	-80.54168611	7	455	1798190	6275.5					
2001	WI	44.59897778	-89.68231111	67	5427	5408099	16963.9					
2001	WY	43.07391389	-107.56	38	2927	492976	25333.6					
2002	AL	32.46189917	-86.79523056	12	1032	4471462	13576.5					
2002	AZ	34.20952778	-111.0595278	38	2394	5451472	28635.1					
2002	ARK	34.41672972	-92.45006306	45	3960	2704471	13773.2					
2002	CAL	37.75058917	-120.0505889	470	23500	34867773	42397					
2002	COLO	38.96655833	-105.0998889	24	1440	4502883	26960.1					
2002	FLA	28.83524083	-81.91857417	220	20460	16675166	17030.4					
2002	GA	32.67768111	-83.52768056	50	2600	8582756	14999.8					
2002	HAW	19.51250278	-155.0625	7	952	1226410	2831.1					
2002	ID	39.93660444	-86.21993611	100	5700	1341704	216.446					
2002	ILL	40.07544444	-89.30877778	9	720	12557032	14999.8					
2002	IND	39.86693611	-86.14471389	8	496	6148648	94.321					
2002	IOWA	41.93358056	-93.48358056	33	2310	2929379	14574.3					
2002	KS	38.43878889	-98.40545556	17	884	2711741	21309.6					
2002	KY	37.43447222	-85.09002778	5	270	4090824	10465.9					
2002	LA	31.39494444	-92.51678611	35	4340	4465089	13426.4					
2002	ME	45.45910278	-69.22576944	11	451	1295960	91.646					
2002	MI	44.34451944	-84.69451944	72	5544	10039223	25049.4					
2002	MN	46.37010556	-94.67010556	117	8541	5017355	22517.1					
2002	MS	32.77700556	-89.66033889	18	1404	2858076	12543.4					
2002	MO	38.43345278	-92.51678611	18	900	5679158	18053.3					
2002	MT	47.19634167	-109.0463333	134	8442	909722	38083.8					
2002	NE	41.36925833	-99.635925	43	3225	1724577	20034.5					
2002	NJ	40.21587222	-74.49920556	11	440	8543281	2258.8					
2002	NY	43.17661667	-75.50995	60	5880	19161568	14129.9					
2002	NC	35.64380278	-79.37713611	16	672	8311105	13938.9					
2002	ND	47.43108889	-100.0527222	320	24000	633210	18311.2					
2002	OH	40.29351111	-82.82684444	18	1260	11420660	11609.6					
2002	OR	43.87287222	-120.0895278	43	2107	3516661	25480.5					
2002	PA	40.82463056	-77.64129722	29	1653	12324237	119.283					
2002	SD	44.47313333	-100.0231111	225	11475	761633	19973.1					
2002	TN	35.85901389	-86.47430556	8	488	5802304	10915.1					
2002	TX	31.58439444	-99.21844444	114	7638	21705766	69562.1					
2002	UT	39.44435556	-111.061	22	1298	2334425	21988.7					
2002	VT	44.15561667	-72.06024167	7	623	614753	2490.1					
2002	VA	37.55003056	-78.783875	8	304	7277452	11078.5					
2002	WA	47.41219444	-120.0288611	50	2550	6056348	18466.5					
2002	WV	38.72501944	-80.54168611	9	459	1799219	6275.5					
2002	WI	44.59897778	-89.68231111	70	6650	5446571	16963.9					
2002	WY	43.07391389	-107.56	38	2394	496930	25333.6					
2003	AL	32.46189917	-86.79523056	13	1066	4489876	13576.5					
2003	AZ	34.20952778	-111.0595278	40	2880	5590820	28635.1					
2003	ARK	34.41672972	-92.45006306	40	3000	2722804	13773.2					
2003	CAL	37.75058917	-120.0505889	480	32160	35236589	42397					
2003	COLO	38.96655833	-105.0998889	24	2064	4545766	26960.1					
2003	FLA	28.83524083	-81.91857417	210	14910	16974177	17030.4					
2003	GA	32.67768111	-83.52768056	52	3380	8727810	14999.8					
2003	HAW	19.51250278	-155.0625	7	791	1231632	2831.1					
2003	ID	39.93660444	-86.21993611	100	4600	1363672	216.446					
2003	ILL	40.07544444	-89.30877778	7	420	12599246	14999.8					
2003	IND	39.86693611	-86.14471389	5	280	6184552	94.321					
2003	IOWA	41.93358056	-93.48358056	32	1888	2934585	14574.3					
2003	KS	38.43878889	-98.40545556	16	912	2720361	21309.6					
2003	KY	37.43447222	-85.09002778	5	240	4117691	10465.9					
2003	LA	31.39494444	-92.51678611	34	3060	4473198	13426.4					
2003	ME	45.45910278	-69.22576944	8	264	1306513	91.646					
2003	MI	44.34451944	-84.69451944	65	4810	10072219	25049.4					
2003	MN	46.37010556	-94.67010556	120	9960	5050393	22517.1					
2003	MS	32.77700556	-89.66033889	21	1449	2866386	12543.4					
2003	MO	38.43345278	-92.51678611	17	901	5713051	18053.3					
2003	MT	47.19634167	-109.0463333	145	9570	916620	38083.8					
2003	NE	41.36925833	-99.635925	45	3330	1733099	20034.5					
2003	NJ	40.21587222	-74.49920556	10	190	8585567	2258.8					
2003	NY	43.17661667	-75.50995	67	4824	19235015	14129.9					
2003	NC	35.64380278	-79.37713611	10	440	8399815	13938.9					
2003	ND	47.43108889	-100.0527222	340	29580	631680	18311.2					
2003	OH	40.29351111	-82.82684444	15	750	11450398	11609.6					
2003	OR	43.87287222	-120.0895278	42	2142	3551290	25480.5					
2003	PA	40.82463056	-77.64129722	27	1350	12360988	119.283					
2003	SD	44.47313333	-100.0231111	200	14000	765980	19973.1					
2003	TN	35.85901389	-86.47430556	7	280	5856712	10915.1					
2003	TX	31.58439444	-99.21844444	140	9380	22048452	69562.1					
2003	UT	39.44435556	-111.061	23	1311	2378255	21988.7					
2003	VT	44.15561667	-72.06024167	7	581	616700	2490.1					
2003	VA	37.55003056	-78.783875	6	222	7352164	11078.5					
2003	WA	47.41219444	-120.0288611	58	3248	6108738	18466.5					
2003	WV	38.72501944	-80.54168611	8	376	1802916	6275.5					
2003	WI	44.59897778	-89.68231111	74	5698	5479542	16963.9					
2003	WY	43.07391389	-107.56	39	3159	498865	25333.6					
2004	AL	32.46189917	-86.79523056	12	1044	4510588	13576.5					
2004	AZ	34.20952778	-111.0595278	32	1760	5758692	28635.1					
2004	ARK	34.41672972	-92.45006306	40	2280	2746215	13773.2					
2004	CAL	37.75058917	-120.0505889	390	17550	35538256	42397					
2004	COLO	38.96655833	-105.0998889	23	1840	4595674	26960.1					
2004	FLA	28.83524083	-81.91857417	205	20090	17366358	17030.4					
2004	GA	32.67768111	-83.52768056	63	3087	8907292	14999.8					
2004	HAW	19.51250278	-155.0625	8	768	1246872	2831.1					
2004	ID	39.93660444	-86.21993611	100	6300	1391127	216.446					
2004	ILL	40.07544444	-89.30877778	7	385	12644218	14999.8					
2004	IND	39.86693611	-86.14471389	7	413	6214844	94.321					
2004	IOWA	41.93358056	-93.48358056	35	2345	2942311	14574.3					
2004	KS	38.43878889	-98.40545556	14	1120	2729378	21309.6					
2004	KY	37.43447222	-85.09002778	5	321	4145777	10465.9					
2004	LA	31.39494444	-92.51678611	35	3430	4487246	13426.4					
2004	ME	45.45910278	-69.22576944	7	217	1313688	91.646					
2004	MI	44.34451944	-84.69451944	65	4355	10091511	25049.4					
2004	MN	46.37010556	-94.67010556	135	10125	5080031	22517.1					
2004	MS	32.77700556	-89.66033889	18	1170	2884920	12543.4					
2004	MO	38.43345278	-92.51678611	16	656	5755931	18053.3					
2004	MT	47.19634167	-109.0463333	140	10780	925711	38083.8					
2004	NE	41.36925833	-99.635925	51	4539	1741417	20034.5					
2004	NJ	40.21587222	-74.49920556	12	324	8610474	2258.8					
2004	NY	43.17661667	-75.50995	64	4288	19297907	14129.9					
2004	NC	35.64380278	-79.37713611	9	360	8517909	13938.9					
2004	ND	47.43108889	-100.0527222	390	30420	635480	18311.2					
2004	OH	40.29351111	-82.82684444	16	928	11465854	11609.6					
2004	OR	43.87287222	-120.0895278	42	2268	3573214	25480.5					
2004	PA	40.82463056	-77.64129722	30	1620	12387357	119.283					
2004	SD	44.47313333	-100.0231111	215	22575	773087	19973.1					
2004	TN	35.85901389	-86.47430556	6	324	5918897	10915.1					
2004	TX	31.58439444	-99.21844444	116	8816	22408514	69562.1					
2004	UT	39.44435556	-111.061	23	1610	2438195	21988.7					
2004	VT	44.15561667	-72.06024167	6	408	618120	2490.1					
2004	VA	37.55003056	-78.783875	7	266	7453994	11078.5					
2004	WA	47.41219444	-120.0288611	56	3528	6181646	18466.5					
2004	WV	38.72501944	-80.54168611	9	495	1803462	6275.5					
2004	WI	44.59897778	-89.68231111	68	5848	5512205	16963.9					
2004	WY	43.07391389	-107.56	39	2925	502742	25333.6					
2005	AL	32.46189917	-86.79523056	13	858	4542912	13576.5					
2005	AZ	34.20952778	-111.0595278	36	1800	5973970	28635.1					
2005	ARK	34.41672972	-92.45006306	36	2484	2776257	13773.2					
2005	CAL	37.75058917	-120.0505889	400	30000	35770688	42397					
2005	COLO	38.96655833	-105.0998889	26	1820	4655731	26960.1					
2005	FLA	28.83524083	-81.91857417	160	13760	17773291	17030.4					
2005	GA	32.67768111	-83.52768056	59	2891	9090479	14999.8					
2005	HAW	19.51250278	-155.0625	9	1179	1259147	2831.1					
2005	ID	39.93660444	-86.21993611	95	3515	1425226	216.446					
2005	ILL	40.07544444	-89.30877778	8	680	12672835	14999.8					
2005	IND	39.86693611	-86.14471389	8	512	6253142	94.321					
2005	IOWA	41.93358056	-93.48358056	28	2464	2950517	14574.3					
2005	KS	38.43878889	-98.40545556	16	800	2739997	21309.6					
2005	KY	37.43447222	-85.09002778	5	250	4179655	10465.9					
2005	LA	31.39494444	-92.51678611	35	3395	4495113	13426.4					
2005	ME	45.45910278	-69.22576944	8	208	1318787	91.646					
2005	MI	44.34451944	-84.69451944	65	4420	10092426	25049.4					
2005	MN	46.37010556	-94.67010556	120	8880	5106992	22517.1					
2005	MS	32.77700556	-89.66033889	16	1280	2899300	12543.4					
2005	MO	38.43345278	-92.51678611	15	750	5803587	18053.3					
2005	MT	47.19634167	-109.0463333	130	8710	934656	38083.8					
2005	NE	41.36925833	-99.635925	40	2720	1750772	20034.5					
2005	NJ	40.21587222	-74.49920556	12	384	8619564	2258.8					
2005	NY	43.17661667	-75.50995	60	4380	19329398	14129.9					
2005	NC	35.64380278	-79.37713611	10	540	8655414	13938.9					
2005	ND	47.43108889	-100.0527222	370	33670	634528	18311.2					
2005	OH	40.29351111	-82.82684444	15	1035	11475559	11609.6					
2005	OR	43.87287222	-120.0895278	39	1638	3617086	25480.5					
2005	PA	40.82463056	-77.64129722	28	1568	12415908	119.283					
2005	SD	44.47313333	-100.0231111	220	17380	778775	19973.1					
2005	TN	35.85901389	-86.47430556	7	385	5997481	10915.1					
2005	TX	31.58439444	-99.21844444	84	5964	22790696	69562.1					
2005	UT	39.44435556	-111.061	23	1035	2498863	21988.7					
2005	VT	44.15561667	-72.06024167	6	546	618797	2490.1					
2005	VA	37.55003056	-78.783875	8	296	7547753	11078.5					
2005	WA	47.41219444	-120.0288611	51	2805	6258988	18466.5					
2005	WV	38.72501944	-80.54168611	8	408	1804128	6275.5					
2005	WI	44.59897778	-89.68231111	64	5312	5542096	16963.9					
2005	WY	43.07391389	-107.56	40	2240	506002	25333.6					
2006	AL	32.46189917	-86.79523056	11	792	4594911	13576.5					
2006	AZ	34.20952778	-111.0595278	30	1950	6190987	28635.1					
2006	ARK	34.41672972	-92.45006306	32	2432	2814910	13773.2					
2006	CAL	37.75058917	-120.0505889	380	19760	35947461	42397					
2006	COLO	38.96655833	-105.0998889	36	2700	4747872	26960.1					
2006	FLA	28.83524083	-81.91857417	170	13770	18076361	17030.4					
2006	GA	32.67768111	-83.52768056	63	4662	9323575	14999.8					
2006	HAW	19.51250278	-155.0625	10	930	1269228	2831.1					
2006	ID	39.93660444	-86.21993611	95	4180	1463631	216.446					
2006	ILL	40.07544444	-89.30877778	10	660	12714588	14999.8					
2006	IND	39.86693611	-86.14471389	6	324	6300341	94.321					
2006	IOWA	41.93358056	-93.48358056	26	2184	2965203	14574.3					
2006	KS	38.43878889	-98.40545556	14	770	2754018	21309.6					
2006	KY	37.43447222	-85.09002778	5	280	4216783	10465.9					
2006	LA	31.39494444	-92.51678611	30	2700	4237693	13426.4					
2006	ME	45.45910278	-69.22576944	11	253	1323619	91.646					
2006	MI	44.34451944	-84.69451944	72	3960	10082414	25049.4					
2006	MN	46.37010556	-94.67010556	125	10000	5147857	22517.1					
2006	MS	32.77700556	-89.66033889	14	1372	2896691	12543.4					
2006	MO	38.43345278	-92.51678611	15	690	5857974	18053.3					
2006	MT	47.19634167	-109.0463333	132	10428	946059	38083.8					
2006	NE	41.36925833	-99.635925	47	3431	1759327	20034.5					
2006	NJ	40.21587222	-74.49920556	9	324	8619354	2258.8					
2006	NY	43.17661667	-75.50995	60	3840	19353588	14129.9					
2006	NC	35.64380278	-79.37713611	10	500	9047856	13938.9					
2006	ND	47.43108889	-100.0527222	350	25900	636019	18311.2					
2006	OH	40.29351111	-82.82684444	14	784	11490596	11609.6					
2006	OR	43.87287222	-120.0895278	46	2208	3675743	25480.5					
2006	PA	40.82463056	-77.64129722	28	1120	12466485	119.283					
2006	SD	44.47313333	-100.0231111	225	10575	786973	19973.1					
2006	TN	35.85901389	-86.47430556	7	385	6090290	10915.1					
2006	TX	31.58439444	-99.21844444	82	5740	23356591	69562.1					
2006	UT	39.44435556	-111.061	23	1150	2582234	21988.7					
2006	VT	44.15561667	-72.06024167	6	336	619916	2490.1					
2006	VA	37.55003056	-78.783875	8	336	7633859	11078.5					
2006	WA	47.41219444	-120.0288611	49	2548	6371097	18466.5					
2006	WV	38.72501944	-80.54168611	5	210	1808136	6275.5					
2006	WI	44.59897778	-89.68231111	64	5952	5571510	16963.9					
2006	WY	43.07391389	-107.56	39	3315	512664	25333.6					
2007	AL	32.46189917	-86.79523056	11	616	4634063	13576.5					
2007	AZ	34.20952778	-111.0595278	30	1920	6360238	28635.1					
2007	ARK	34.41672972	-92.45006306	28	2240	2841595	13773.2					
2007	CAL	37.75058917	-120.0505889	340	13600	36185908	42397					
2007	COLO	38.96655833	-105.0998889	33	1683	4837229	26960.1					
2007	FLA	28.83524083	-81.91857417	160	11360	18262096	17030.4					
2007	GA	32.67768111	-83.52768056	60	3480	9526642	14999.8					
2007	HAW	19.51250278	-155.0625	10	920	1269796	2831.1					
2007	ID	39.93660444	-86.21993611	92	3772	1498390	216.446					
2007	ILL	40.07544444	-89.30877778	9	567	12775864	14999.8					
2007	IND	39.86693611	-86.14471389	7	357	6344771	94.321					
2007	IOWA	41.93358056	-93.48358056	26	2106	2979867	14574.3					
2007	KS	38.43878889	-98.40545556	14	560	2773740	21309.6					
2007	KY	37.43447222	-85.09002778	4	244	4254513	10465.9					
2007	LA	31.39494444	-92.51678611	29	2581	4373448	13426.4					
2007	ME	45.45910278	-69.22576944	9	234	1327040	91.646					
2007	MI	44.34451944	-84.69451944	72	4608	10051145	25049.4					
2007	MN	46.37010556	-94.67010556	130	8840	5191267	22517.1					
2007	MS	32.77700556	-89.66033889	15	1575	2920312	12543.4					
2007	MO	38.43345278	-92.51678611	13	611	5905750	18053.3					
2007	MT	47.19634167	-109.0463333	135	9180	957123	38083.8					
2007	NE	41.36925833	-99.635925	45	2205	1768745	20034.5					
2007	NJ	40.21587222	-74.49920556	9	513	8630810	2258.8					
2007	NY	43.17661667	-75.50995	56	3192	19419540	14129.9					
2007	NC	35.64380278	-79.37713611	11	495	9047856	13938.9					
2007	ND	47.43108889	-100.0527222	420	31080	637534	18311.2					
2007	OH	40.29351111	-82.82684444	14	854	11518989	11609.6					
2007	OR	43.87287222	-120.0895278	44	1892	3730833	25480.5					
2007	PA	40.82463056	-77.64129722	25	1050	12517701	119.283					
2007	SD	44.47313333	-100.0231111	255	13260	795521	19973.1					
2007	TN	35.85901389	-86.47430556	7	455	6172788	10915.1					
2007	TX	31.58439444	-99.21844444	105	8610	23824518	69562.1					
2007	UT	39.44435556	-111.061	25	975	2662908	21988.7					
2007	VT	44.15561667	-72.06024167	5	320	620438	2490.1					
2007	VA	37.55003056	-78.783875	6	276	7705466	11078.5					
2007	WA	47.41219444	-120.0288611	46	2024	6464167	18466.5					
2007	WV	38.72501944	-80.54168611	5	240	1812295	6275.5					
2007	WI	44.59897778	-89.68231111	60	5040	5601508	16963.9					
2007	WY	43.07391389	-107.56	43	3440	523226	25333.6					
2008	AL	32.46189917	-86.79523056	9	594	4673889	13576.5					
2008	AZ	34.20952778	-111.0595278	25	1600	6499207	28635.1					
2008	ARK	34.41672972	-92.45006306	28	2100	2867099	13773.2					
2008	CAL	37.75058917	-120.0505889	360	18360	36538008	42397					
2008	COLO	38.96655833	-105.0998889	27	1215	4928676	26960.1					
2008	FLA	28.83524083	-81.91857417	150	11850	18410241	17030.4					
2008	GA	32.67768111	-83.52768056	55	3905	9690277	14999.8					
2008	HAW	19.51250278	-155.0625	10	900	1280001	2831.1					
2008	ID	39.93660444	-86.21993611	90	3600	1526295	216.446					
2008	ILL	40.07544444	-89.30877778	8	448	12836402	14999.8					
2008	IND	39.86693611	-86.14471389	6	402	6386601	94.321					
2008	IOWA	41.93358056	-93.48358056	24	1488	2994658	14574.3					
2008	KS	38.43878889	-98.40545556	10	610	2795257	21309.6					
2008	KY	37.43447222	-85.09002778	4	156	4287259	10465.9					
2008	LA	31.39494444	-92.51678611	29	2233	4448806	13426.4					
2008	ME	45.45910278	-69.22576944	7	294	1330509	91.646					
2008	MI	44.34451944	-84.69451944	71	5183	9999456	25049.4					
2008	MN	46.37010556	-94.67010556	122	9516	5230247	22517.1					
2008	MS	32.77700556	-89.66033889	14	1372	2939234	12543.4					
2008	MO	38.43345278	-92.51678611	11	583	5951844	18053.3					
2008	MT	47.19634167	-109.0463333	134	9380	967717	38083.8					
2008	NE	41.36925833	-99.635925	36	2412	1780143	20034.5					
2008	NJ	40.21587222	-74.49920556	9	360	8657319	2258.8					
2008	NY	43.17661667	-75.50995	50	3500	19464482	14129.9					
2008	NC	35.64380278	-79.37713611	12	624	9230086	13938.9					
2008	ND	47.43108889	-100.0527222	390	35100	640525	18311.2					
2008	OH	40.29351111	-82.82684444	14	742	11526691	11609.6					
2008	OR	43.87287222	-120.0895278	50	2150	3780596	25480.5					
2008	PA	40.82463056	-77.64129722	23	1104	12562536	119.283					
2008	SD	44.47313333	-100.0231111	225	21375	803047	19973.1					
2008	TN	35.85901389	-86.47430556	7	427	6239542	10915.1					
2008	TX	31.58439444	-99.21844444	77	4928	24290611	69562.1					
2008	UT	39.44435556	-111.061	28	1344	2724685	21988.7					
2008	VT	44.15561667	-72.06024167	5	330	620967	2490.1					
2008	VA	37.55003056	-78.783875	6	252	7780691	11078.5					
2008	WA	47.41219444	-120.0288611	41	1804	6566085	18466.5					
2008	WV	38.72501944	-80.54168611	6	258	1816352	6275.5					
2008	WI	44.59897778	-89.68231111	58	4640	5627257	16963.9					
2008	WY	43.07391389	-107.56	39	2379	532626	25333.6					
2009	AL	32.46189917	-86.79523056	9	450	4707496	13576.5					
2009	AZ	34.20952778	-111.0595278	20	1040	6587653	28635.1					
2009	ARK	34.41672972	-92.45006306	24	1368	2887331	13773.2					
2009	CAL	37.75058917	-120.0505889	355	11715	36887615	42397					
2009	COLO	38.96655833	-105.0998889	28	1484	5015155	26960.1					
2009	FLA	28.83524083	-81.91857417	170	11560	18509936	17030.4					
2009	GA	32.67768111	-83.52768056	65	2665	9813588	14999.8					
2009	HAW	19.51250278	-155.0625	10	950	1288285	2831.1					
2009	ID	39.93660444	-86.21993611	103	4738	1544465	216.446					
2009	ILL	40.07544444	-89.30877778	8	272	12893278	14999.8					
2009	IND	39.86693611	-86.14471389	9	288	6417276	94.321					
2009	IOWA	41.93358056	-93.48358056	26	1092	3008331	14574.3					
2009	KS	38.43878889	-98.40545556	9	567	2817430	21309.6					
2009	KY	37.43447222	-85.09002778	5	175	4312268	10465.9					
2009	LA	31.39494444	-92.51678611	37	3811	4489490	13426.4					
2009	ME	45.45910278	-69.22576944	6	300	1329590	91.646					
2009	MI	44.34451944	-84.69451944	66	3960	9955260	25049.4					
2009	MN	46.37010556	-94.67010556	122	7930	5262824	22517.1					
2009	MS	32.77700556	-89.66033889	14	1456	2949943	12543.4					
2009	MO	38.43345278	-92.51678611	11	517	5982234	18053.3					
2009	MT	47.19634167	-109.0463333	146	10220	974163	38083.8					
2009	NE	41.36925833	-99.635925	48	2688	1794852	20034.5					
2009	NJ	40.21587222	-74.49920556	11	352	8693723	2258.8					
2009	NY	43.17661667	-75.50995	45	2925	19522612	14129.9					
2009	NC	35.64380278	-79.37713611	11	495	9357107	13938.9					
2009	ND	47.43108889	-100.0527222	450	34650	645903	18311.2					
2009	OH	40.29351111	-82.82684444	11	550	11531860	11609.6					
2009	OR	43.87287222	-120.0895278	55	1870	3823058	25480.5					
2009	PA	40.82463056	-77.64129722	21	840	12602112	119.283					
2009	SD	44.47313333	-100.0231111	270	17820	810814	19973.1					
2009	TN	35.85901389	-86.47430556	7	357	6291220	10915.1					
2009	TX	31.58439444	-99.21844444	89	5607	24770651	69562.1					
2009	UT	39.44435556	-111.061	26	988	2780871	21988.7					
2009	VT	44.15561667	-72.06024167	5	245	621436	2490.1					
2009	VA	37.55003056	-78.783875	6	234	7862480	11078.5					
2009	WA	47.41219444	-120.0288611	62	2728	6671597	18466.5					
2009	WV	38.72501944	-80.54168611	5	185	1821290	6275.5					
2009	WI	44.59897778	-89.68231111	63	3780	5650751	16963.9					
2009	WY	43.07391389	-107.56	37	1776	544391	25333.6					
2010	AL	32.46189917	-86.79523056	9	486	4729656	13576.5					
2010	AZ	34.20952778	-111.0595278	24	1848	6676627	28635.1					
2010	ARK	34.41672972	-92.45006306	25	1500	2910236	13773.2					
2010	CAL	37.75058917	-120.0505889	410	27470	37266600	42397					
2010	COLO	38.96655833	-105.0998889	34	1904	5095309	26960.1					
2010	FLA	28.83524083	-81.91857417	200	13800	18678049	17030.4					
2010	GA	32.67768111	-83.52768056	55	2530	9908357	14999.8					
2010	HAW	19.51250278	-155.0625	10	770	1300086	2831.1					
2010	ID	39.93660444	-86.21993611	98	2646	1559796	216.446					
2010	ILL	40.07544444	-89.30877778	9	369	12944410	14999.8					
2010	IND	39.86693611	-86.14471389	10	430	6445295	94.321					
2010	IOWA	41.93358056	-93.48358056	27	1323	3023081	14574.3					
2010	KS	38.43878889	-98.40545556	9	468	2841121	21309.6					
2010	KY	37.43447222	-85.09002778	5	335	4339435	10465.9					
2010	LA	31.39494444	-92.51678611	21	1680	4529426	13426.4					
2010	ME	45.45910278	-69.22576944	6	246	1327629	91.646					
2010	MI	44.34451944	-84.69451944	70	4060	9931235	25049.4					
2010	MN	46.37010556	-94.67010556	126	8316	5290447	22517.1					
2010	MS	32.77700556	-89.66033889	16	1568	2960467	12543.4					
2010	MO	38.43345278	-92.51678611	11	572	6011741	18053.3					
2010	MT	47.19634167	-109.0463333	157	11618	980152	38083.8					
2010	NE	41.36925833	-99.635925	44	2420	1811072	20034.5					
2010	NJ	40.21587222	-74.49920556	13	455	8732811	2258.8					
2010	NY	43.17661667	-75.50995	47	3008	19577730	14129.9					
2010	NC	35.64380278	-79.37713611	13	598	9458888	13938.9					
2010	ND	47.43108889	-100.0527222	510	46410	653778	18311.2					
2010	OH	40.29351111	-82.82684444	17	1054	11532111	11609.6					
2010	OR	43.87287222	-120.0895278	59	2301	3855536	25480.5					
2010	PA	40.82463056	-77.64129722	30	1110	12632780	119.283					
2010	SD	44.47313333	-100.0231111	265	15635	820077	19973.1					
2010	TN	35.85901389	-86.47430556	8	504	6338112	10915.1					
2010	TX	31.58439444	-99.21844444	100	7200	25213445	69562.1					
2010	UT	39.44435556	-111.061	26	780	2830753	21988.7					
2010	VT	44.15561667	-72.06024167	4	260	622433	2490.1					
2010	VA	37.55003056	-78.783875	5	185	7952119	11078.5					
2010	WA	47.41219444	-120.0288611	71	2627	6746199	18466.5					
2010	WV	38.72501944	-80.54168611	5	190	1825513	6275.5					
2010	WI	44.59897778	-89.68231111	68	4352	5668519	16963.9					
2010	WY	43.07391389	-107.56	34	1224	547637	25333.6					
2011	AL	32.46189917	-86.79523056	9	450	4799069	13576.5					
2011	AZ	34.20952778	-111.0595278	23	1219	6472643	28635.1					
2011	ARK	34.41672972	-92.45006306	22	1408	2940667	13773.2					
2011	CAL	37.75058917	-120.0505889	370	17760	37638369	42397					
2011	COLO	38.96655833	-105.0998889	31	1705	5121108	26960.1					
2011	FLA	28.83524083	-81.91857417	180	10980	19053237	17030.4					
2011	GA	32.67768111	-83.52768056	65	2795	9802431	14999.8					
2011	HAW	19.51250278	-155.0625	9	666	1379329	2831.1					
2011	ID	39.93660444	-86.21993611	87	3132	1583910	216.446					
2011	ILL	40.07544444	-89.30877778	7	350	12867454	14999.8					
2011	IND	39.86693611	-86.14471389	8	408	6516528	94.321					
2011	IOWA	41.93358056	-93.48358056	25	1550	3066336	14574.3					
2011	KS	38.43878889	-98.40545556	7	308	2869225	21309.6					
2011	KY	37.43447222	-85.09002778	4	156	4369821	10465.9					
2011	LA	31.39494444	-92.51678611	36	2772	4575625	13426.4					
2011	ME	45.45910278	-69.22576944	4	120	1328284	91.646					
2011	MI	44.34451944	-84.69451944	74	4736	9882412	25049.4					
2011	MN	46.37010556	-94.67010556	120	6360	5346143	22517.1					
2011	MS	32.77700556	-89.66033889	18	2070	2978731	12543.4					
2011	MO	38.43345278	-92.51678611	8	344	6010275	18053.3					
2011	MT	47.19634167	-109.0463333	145	13340	997316	38083.8					
2011	NE	41.36925833	-99.635925	41	2419	1840672	20034.5					
2011	NJ	40.21587222	-74.49920556	11	451	8828117	2258.8					
2011	NY	43.17661667	-75.50995	49	2744	19499241	14129.9					
2011	NC	35.64380278	-79.37713611	14	868	9657592	13938.9					
2011	ND	47.43108889	-100.0527222	460	32660	685225	18311.2					
2011	OH	40.29351111	-82.82684444	15	990	11544663	11609.6					
2011	OR	43.87287222	-120.0895278	60	2040	3872036	25480.5					
2011	PA	40.82463056	-77.64129722	24	1056	12745815	119.283					
2011	SD	44.47313333	-100.0231111	250	16500	823579	19973.1					
2011	TN	35.85901389	-86.47430556	7	308	6399291	10915.1					
2011	TX	31.58439444	-99.21844444	78	4524	25645629	69562.1					
2011	UT	39.44435556	-111.061	23	897	2814384	21988.7					
2011	VT	44.15561667	-72.06024167	4	172	627049	2490.1					
2011	VA	37.55003056	-78.783875	4	160	8101155	11078.5					
2011	WA	47.41219444	-120.0288611	71	2698	6826627	18466.5					
2011	WV	38.72501944	-80.54168611	4	212	1856301	6275.5					
2011	WI	44.59897778	-89.68231111	57	3591	5705288	16963.9					
2011	WY	43.07391389	-107.56	35	1890	567299	25333.6					
2012	AL	32.46189917	-86.79523056	8	432	4815588	13576.5					
2012	AZ	34.20952778	-111.0595278	22	1012	6554978	28635.1					
2012	ARK	34.41672972	-92.45006306	26	1638	2952164	13773.2					
2012	CAL	37.75058917	-120.0505889	340	11900	37948800	42397					
2012	COLO	38.96655833	-105.0998889	26	1248	5192647	26960.1					
2012	FLA	28.83524083	-81.91857417	199	12736	19297822	17030.4					
2012	GA	32.67768111	-83.52768056	62	3162	9901430	14999.8					
2012	HAW	19.51250278	-155.0625	10	750	1394804	2831.1					
2012	ID	39.93660444	-86.21993611	96	3072	1595324	216.446					
2012	ILL	40.07544444	-89.30877778	7	427	12882510	14999.8					
2012	IND	39.86693611	-86.14471389	9	531	6537703	94.321					
2012	IOWA	41.93358056	-93.48358056	38	2318	3076190	14574.3					
2012	KS	38.43878889	-98.40545556	7	385	2885257	21309.6					
2012	KY	37.43447222	-85.09002778	5	255	4386346	10465.9					
2012	LA	31.39494444	-92.51678611	41	3526	4600972	13426.4					
2012	ME	45.45910278	-69.22576944	4	136	1327729	91.646					
2012	MI	44.34451944	-84.69451944	76	4332	9897145	25049.4					
2012	MN	46.37010556	-94.67010556	130	8710	5376643	22517.1					
2012	MS	32.77700556	-89.66033889	19	2242	2983816	12543.4					
2012	MO	38.43345278	-92.51678611	7	371	6024367	18053.3					
2012	MT	47.19634167	-109.0463333	149	7748	1003783	38083.8					
2012	NE	41.36925833	-99.635925	44	2860	1853303	20034.5					
2012	NJ	40.21587222	-74.49920556	14	462	8844942	2258.8					
2012	NY	43.17661667	-75.50995	52	2652	19572932	14129.9					
2012	NC	35.64380278	-79.37713611	13	507	9749476	13938.9					
2012	ND	47.43108889	-100.0527222	495	34155	701176	18311.2					
2012	OH	40.29351111	-82.82684444	19	1140	11548923	11609.6					
2012	OR	43.87287222	-120.0895278	62	1984	3899001	25480.5					
2012	PA	40.82463056	-77.64129722	17	1020	12767118	119.283					
2012	SD	44.47313333	-100.0231111	270	17010	833566	19973.1					
2012	TN	35.85901389	-86.47430556	7	427	6453898	10915.1					
2012	TX	31.58439444	-99.21844444	95	4940	26084481	69562.1					
2012	UT	39.44435556	-111.061	26	988	2853375	21988.7					
2012	VT	44.15561667	-72.06024167	4	240	626090	2490.1					
2012	VA	37.55003056	-78.783875	4	164	8185080	11078.5					
2012	WA	47.41219444	-120.0288611	64	2624	6897058	18466.5					
2012	WV	38.72501944	-80.54168611	7	336	1856872	6275.5					
2012	WI	44.59897778	-89.68231111	63	4347	5719960	16963.9					
2012	WY	43.07391389	-107.56	51	2601	576305	25333.6					
2013	AL	32.46189917	-86.79523056	7	364	4830081	13576.5					
2013	AZ	34.20952778	-111.0595278	29	1044	6632764	28635.1					
2013	ARK	34.41672972	-92.45006306	22	1320	2959400	13773.2					
2013	CAL	37.75058917	-120.0505889	330	10890	38260787	42397					
2013	COLO	38.96655833	-105.0998889	26	1118	5269035	26960.1					
2013	FLA	28.83524083	-81.91857417	220	13420	19545621	17030.4					
2013	GA	32.67768111	-83.52768056	67	3350	9972479	14999.8					
2013	HAW	19.51250278	-155.0625	13	1079	1408243	2831.1					
2013	ID	39.93660444	-86.21993611	83	2656	1611206	216.446					
2013	ILL	40.07544444	-89.30877778	7	336	12895129	14999.8					
2013	IND	39.86693611	-86.14471389	6	282	6568713	94.321					
2013	IOWA	41.93358056	-93.48358056	39	1872	3092997	14574.3					
2013	KS	38.43878889	-98.40545556	6	276	2893212	21309.6					
2013	KY	37.43447222	-85.09002778	3	123	4404659	10465.9					
2013	LA	31.39494444	-92.51678611	50	4900	4624527	13426.4					
2013	ME	45.45910278	-69.22576944	7	301	1328009	91.646					
2013	MI	44.34451944	-84.69451944	85	4675	9913065	25049.4					
2013	MN	46.37010556	-94.67010556	130	7540	5413479	22517.1					
2013	MS	32.77700556	-89.66033889	17	1972	2988711	12543.4					
2013	MO	38.43345278	-92.51678611	10	470	6040715	18053.3					
2013	MT	47.19634167	-109.0463333	159	14946	1013569	38083.8					
2013	NE	41.36925833	-99.635925	46	2760	1865279	20034.5					
2013	NJ	40.21587222	-74.49920556	11	484	8856972	2258.8					
2013	NY	43.17661667	-75.50995	55	2640	19624447	14129.9					
2013	NC	35.64380278	-79.37713611	10	380	9843336	13938.9					
2013	ND	47.43108889	-100.0527222	480	33120	722036	18311.2					
2013	OH	40.29351111	-82.82684444	17	765	11576684	11609.6					
2013	OR	43.87287222	-120.0895278	62	2170	3922468	25480.5					
2013	PA	40.82463056	-77.64129722	13	585	12776309	119.283					
2013	SD	44.47313333	-100.0231111	265	14840	842316	19973.1					
2013	TN	35.85901389	-86.47430556	7	315	6494340	10915.1					
2013	TX	31.58439444	-99.21844444	106	6254	26480266	69562.1					
2013	UT	39.44435556	-111.061	30	1020	2897640	21988.7					
2013	VT	44.15561667	-72.06024167	4	204	626210	2490.1					
2013	VA	37.55003056	-78.783875	5	175	8252427	11078.5					
2013	WA	47.41219444	-120.0288611	69	2691	6963985	18466.5					
2013	WV	38.72501944	-80.54168611	6	276	1853914	6275.5					
2013	WI	44.59897778	-89.68231111	59	3540	5736754	16963.9					
2013	WY	43.07391389	-107.56	47	3102	582122	25333.6					
2014	AL	32.46189917	-86.79523056	7	371	4841799	13576.5					
2014	AZ	34.20952778	-111.0595278	26	1014	6730413	28635.1					
2014	ARK	34.41672972	-92.45006306	21	1365	2967392	13773.2					
2014	CAL	37.75058917	-120.0505889	320	12480	38596972	42397					
2014	COLO	38.96655833	-105.0998889	27	999	5350101	26960.1					
2014	FLA	28.83524083	-81.91857417	245	14700	19845911	17030.4					
2014	GA	32.67768111	-83.52768056	73	4526	10067278	14999.8					
2014	HAW	19.51250278	-155.0625	15	1395	1414538	2831.1					
2014	ID	39.93660444	-86.21993611	100	3400	1631112	216.446					
2014	ILL	40.07544444	-89.30877778	8	392	12884493	14999.8					
2014	IND	39.86693611	-86.14471389	5	310	6593644	94.321					
2014	IOWA	41.93358056	-93.48358056	35	1505	3109350	14574.3					
2014	KS	38.43878889	-98.40545556	7	525	2900475	21309.6					
2014	KY	37.43447222	-85.09002778	5	235	4414349	10465.9					
2014	LA	31.39494444	-92.51678611	48	4032	4644013	13426.4					
2014	ME	45.45910278	-69.22576944	8	376	1330513	91.646					
2014	MI	44.34451944	-84.69451944	91	5733	9929848	25049.4					
2014	MN	46.37010556	-94.67010556	132	7920	5451079	22517.1					
2014	MS	32.77700556	-89.66033889	20	2240	2990468	12543.4					
2014	MO	38.43345278	-92.51678611	12	564	6056202	18053.3					
2014	MT	47.19634167	-109.0463333	162	14256	1021869	38083.8					
2014	NE	41.36925833	-99.635925	50	3750	1879321	20034.5					
2014	NJ	40.21587222	-74.49920556	12	360	8864525	2258.8					
2014	NY	43.17661667	-75.50995	60	3300	19651049	14129.9					
2014	NC	35.64380278	-79.37713611	12	516	9932887	13938.9					
2014	ND	47.43108889	-100.0527222	490	42140	737401	18311.2					
2014	OH	40.29351111	-82.82684444	15	915	11602700	11609.6					
2014	OR	43.87287222	-120.0895278	71	2840	3963244	25480.5					
2014	PA	40.82463056	-77.64129722	17	782	12788313	119.283					
2014	SD	44.47313333	-100.0231111	280	24360	849129	19973.1					
2014	TN	35.85901389	-86.47430556	7	441	6541223	10915.1					
2014	TX	31.58439444	-99.21844444	116	9048	26964333	69562.1					
2014	UT	39.44435556	-111.061	29	812	2936879	21988.7					
2014	VT	44.15561667	-72.06024167	4	232	625214	2490.1					
2014	VA	37.55003056	-78.783875	6	228	8310993	11078.5					
2014	WA	47.41219444	-120.0288611	68	2992	7054655	18466.5					
2014	WV	38.72501944	-80.54168611	6	186	1849489	6275.5					
2014	WI	44.59897778	-89.68231111	53	2862	5751525	16963.9					
2014	WY	43.07391389	-107.56	38	2318	582531	25333.6					
2015	AL	32.46189917	-86.79523056	7	329	4852347	13576.5					
2015	AZ	34.20952778	-111.0595278	26	1274	6829676	28635.1					
2015	ARK	34.41672972	-92.45006306	24	1728	2978048	13773.2					
2015	CAL	37.75058917	-120.0505889	275	8250	38918045	42397					
2015	COLO	38.96655833	-105.0998889	29	1479	5450623	26960.1					
2015	FLA	28.83524083	-81.91857417	220	11880	20209042	17030.4					
2015	GA	32.67768111	-83.52768056	69	2760	10178447	14999.8					
2015	HAW	19.51250278	-155.0625	16	1632	1422052	2831.1					
2015	ID	39.93660444	-86.21993611	89	2848	1651059	216.446					
2015	ILL	40.07544444	-89.30877778	8	408	12858913	14999.8					
2015	IND	39.86693611	-86.14471389	6	318	6608422	94.321					
2015	IOWA	41.93358056	-93.48358056	36	1800	3120960	14574.3					
2015	KS	38.43878889	-98.40545556	8	288	2909011	21309.6					
2015	KY	37.43447222	-85.09002778	5	230	4425976	10465.9					
2015	LA	31.39494444	-92.51678611	44	4356	4664628	13426.4					
2015	ME	45.45910278	-69.22576944	10	470	1328262	91.646					
2015	MI	44.34451944	-84.69451944	90	5220	9931715	25049.4					
2015	MN	46.37010556	-94.67010556	122	8296	5482032	22517.1					
2015	MS	32.77700556	-89.66033889	15	1245	2988471	12543.4					
2015	MO	38.43345278	-92.51678611	10	520	6071732	18053.3					
2015	MT	47.19634167	-109.0463333	146	12118	1030475	38083.8					
2015	NE	41.36925833	-99.635925	57	2736	1891277	20034.5					
2015	NJ	40.21587222	-74.49920556	12	324	8867949	2258.8					
2015	NY	43.17661667	-75.50995	58	3596	19654666	14129.9					
2015	NC	35.64380278	-79.37713611	12	540	10031646	13938.9					
2015	ND	47.43108889	-100.0527222	490	36260	754066	18311.2					
2015	OH	40.29351111	-82.82684444	17	850	11617527	11609.6					
2015	OR	43.87287222	-120.0895278	71	2698	4015792	25480.5					
2015	PA	40.82463056	-77.64129722	17	901	12784826	119.283					
2015	SD	44.47313333	-100.0231111	290	19140	853988	19973.1					
2015	TN	35.85901389	-86.47430556	7	413	6591170	10915.1					
2015	TX	31.58439444	-99.21844444	126	8316	27470056	69562.1					
2015	UT	39.44435556	-111.061	27	1134	2981835	21988.7					
2015	VT	44.15561667	-72.06024167	5	260	625216	2490.1					
2015	VA	37.55003056	-78.783875	5	185	8361808	11078.5					
2015	WA	47.41219444	-120.0288611	73	3212	7163657	18466.5					
2015	WV	38.72501944	-80.54168611	5	175	1842050	6275.5					
2015	WI	44.59897778	-89.68231111	52	3484	5760940	16963.9					
2015	WY	43.07391389	-107.56	38	2926	585613	25333.6					
2016	AL	32.46189917	-86.79523056	7	364	4863525	13576.5					
2016	AZ	34.20952778	-111.0595278	27	1242	6941072	28635.1					
2016	ARK	34.41672972	-92.45006306	24	1656	2989918	13773.2					
2016	CAL	37.75058917	-120.0505889	310	11160	39167117	42397					
2016	COLO	38.96655833	-105.0998889	32	1280	5539215	26960.1					
2016	FLA	28.83524083	-81.91857417	215	10750	20613477	17030.4					
2016	GA	32.67768111	-83.52768056	96	3744	10301890	14999.8					
2016	HAW	19.51250278	-155.0625	18	2034	1427559	2831.1					
2016	ID	39.93660444	-86.21993611	97	3298	1682380	216.446					
2016	ILL	40.07544444	-89.30877778	10	480	12820527	14999.8					
2016	IND	39.86693611	-86.14471389	8	496	6634304	94.321					
2016	IOWA	41.93358056	-93.48358056	37	1776	3131371	14574.3					
2016	KS	38.43878889	-98.40545556	7	336	2910844	21309.6					
2016	KY	37.43447222	-85.09002778	5	230	4438182	10465.9					
2016	LA	31.39494444	-92.51678611	50	4300	4678135	13426.4					
2016	ME	45.45910278	-69.22576944	12	408	1331317	91.646					
2016	MI	44.34451944	-84.69451944	89	5340	9950571	25049.4					
2016	MN	46.37010556	-94.67010556	124	7316	5522744	22517.1					
2016	MS	32.77700556	-89.66033889	19	1615	2987938	12543.4					
2016	MO	38.43345278	-92.51678611	8	496	6087135	18053.3					
2016	MT	47.19634167	-109.0463333	159	12243	1040859	38083.8					
2016	NE	41.36925833	-99.635925	48	2208	1905616	20034.5					
2016	NJ	40.21587222	-74.49920556	12	324	8870827	2258.8					
2016	NY	43.17661667	-75.50995	64	3648	19633428	14129.9					
2016	NC	35.64380278	-79.37713611	12	444	10154788	13938.9					
2016	ND	47.43108889	-100.0527222	485	37830	754434	18311.2					
2016	OH	40.29351111	-82.82684444	15	1185	11634370	11609.6					
2016	OR	43.87287222	-120.0895278	74	2590	4089976	25480.5					
2016	PA	40.82463056	-77.64129722	19	950	12782275	119.283					
2016	SD	44.47313333	-100.0231111	280	19880	862996	19973.1					
2016	TN	35.85901389	-86.47430556	6	330	6646010	10915.1					
2016	TX	31.58439444	-99.21844444	133	9310	27914410	69562.1					
2016	UT	39.44435556	-111.061	31	992	3041868	21988.7					
2016	VT	44.15561667	-72.06024167	6	312	623657	2490.1					
2016	VA	37.55003056	-78.783875	5	190	8410106	11078.5					
2016	WA	47.41219444	-120.0288611	84	2940	7294771	18466.5					
2016	WV	38.72501944	-80.54168611	5	160	1831023	6275.5					
2016	WI	44.59897778	-89.68231111	54	3348	5772628	16963.9					
2016	WY	43.07391389	-107.56	40	2720	584215	25333.6					
2017	AL	32.46189917	-86.79523056	7	315	4874486	13576.5					
2017	AZ	34.20952778	-111.0595278	22	880	7044008	28635.1					
2017	ARK	34.41672972	-92.45006306	29	1972	3001345	13773.2					
2017	CAL	37.75058917	-120.0505889	335	13735	39358497	42397					
2017	COLO	38.96655833	-105.0998889	33	1419	5611885	26960.1					
2017	FLA	28.83524083	-81.91857417	205	8815	20963613	17030.4					
2017	GA	32.67768111	-83.52768056	99	3168	10410330	14999.8					
2017	HAW	19.51250278	-155.0625	19	2489	1424393	2831.1					
2017	ID	39.93660444	-86.21993611	95	4180	1717715	216.446					
2017	ILL	40.07544444	-89.30877778	11	506	12778828	14999.8					
2017	IND	39.86693611	-86.14471389	8	416	6658078	94.321					
2017	IOWA	41.93358056	-93.48358056	35	2030	3141550	14574.3					
2017	KS	38.43878889	-98.40545556	7	553	2908718	21309.6					
2017	KY	37.43447222	-85.09002778	5	190	4452268	10465.9					
2017	LA	31.39494444	-92.51678611	43	3483	4670560	13426.4					
2017	ME	45.45910278	-69.22576944	12	396	1334612	91.646					
2017	MI	44.34451944	-84.69451944	87	3915	9973114	25049.4					
2017	MN	46.37010556	-94.67010556	126	7812	5566230	22517.1					
2017	MS	32.77700556	-89.66033889	18	1548	2988510	12543.4					
2017	MO	38.43345278	-92.51678611	8	520	6106670	18053.3					
2017	MT	47.19634167	-109.0463333	145	10440	1052482	38083.8					
2017	NE	41.36925833	-99.635925	42	2646	1915947	20034.5					
2017	NJ	40.21587222	-74.49920556	13	364	8885525	2258.8					
2017	NY	43.17661667	-75.50995	57	3192	19589572	14129.9					
2017	NC	35.64380278	-79.37713611	11	451	10268233	13938.9					
2017	ND	47.43108889	-100.0527222	455	33670	754942	18311.2					
2017	OH	40.29351111	-82.82684444	15	1095	11659650	11609.6					
2017	OR	43.87287222	-120.0895278	78	3120	4143625	25480.5					
2017	PA	40.82463056	-77.64129722	16	736	12787641	119.283					
2017	SD	44.47313333	-100.0231111	255	14535	872868	19973.1					
2017	TN	35.85901389	-86.47430556	7	287	6708799	10915.1					
2017	TX	31.58439444	-99.21844444	120	7920	28295273	69562.1					
2017	UT	39.44435556	-111.061	27	837	3101042	21988.7					
2017	VT	44.15561667	-72.06024167	7	378	624344	2490.1					
2017	VA	37.55003056	-78.783875	6	210	8463587	11078.5					
2017	WA	47.41219444	-120.0288611	77	3465	7423362	18466.5					
2017	WV	38.72501944	-80.54168611	6	240	1817004	6275.5					
2017	WI	44.59897778	-89.68231111	53	2968	5790186	16963.9					
2017	WY	43.07391389	-107.56	39	2067	578931	25333.6					
2018	AL	32.46189917	-86.79523056	6	270	4887681	13576.5					
2018	AZ	34.20952778	-111.0595278	24	912	7158024	28635.1					
2018	ARK	34.41672972	-92.45006306	28	1400	3009733	13773.2					
2018	CAL	37.75058917	-120.0505889	335	13735	39461588	42397					
2018	COLO	38.96655833	-105.0998889	31	1488	5691287	26960.1					
2018	FLA	28.83524083	-81.91857417	215	10535	21244317	17030.4					
2018	GA	32.67768111	-83.52768056	98	3332	10511131	14999.8					
2018	HAW	19.51250278	-155.0625	17	1751	1420593	2831.1					
2018	ID	39.93660444	-86.21993611	96	2976	1750536	216.446					
2018	ILL	40.07544444	-89.30877778	11	451	12723071	14999.8					
2018	IND	39.86693611	-86.14471389	7	322	6695497	94.321					
2018	IOWA	41.93358056	-93.48358056	38	1862	3148618	14574.3					
2018	KS	38.43878889	-98.40545556	5	365	2911359	21309.6					
2018	KY	37.43447222	-85.09002778	4	164	4461153	10465.9					
2018	LA	31.39494444	-92.51678611	45	3735	4659690	13426.4					
2018	ME	45.45910278	-69.22576944	12	384	1339057	91.646					
2018	MI	44.34451944	-84.69451944	97	4268	9984072	25049.4					
2018	MN	46.37010556	-94.67010556	119	7259	5606249	22517.1					
2018	MS	32.77700556	-89.66033889	20	1740	2981020	12543.4					
2018	MO	38.43345278	-92.51678611	9	405	6121623	18053.3					
2018	MT	47.19634167	-109.0463333	160	14720	1060665	38083.8					
2018	NE	41.36925833	-99.635925	40	2360	1925614	20034.5					
2018	NJ	40.21587222	-74.49920556	13	403	8886025	2258.8					
2018	NY	43.17661667	-75.50995	56	2688	19530351	14129.9					
2018	NC	35.64380278	-79.37713611	10	330	10381615	13938.9					
2018	ND	47.43108889	-100.0527222	550	39600	758080	18311.2					
2018	OH	40.29351111	-82.82684444	14	1022	11676341	11609.6					
2018	OR	43.87287222	-120.0895278	93	3255	4181886	25480.5					
2018	PA	40.82463056	-77.64129722	19	836	12800922	119.283					
2018	SD	44.47313333	-100.0231111	255	11985	878698	19973.1					
2018	TN	35.85901389	-86.47430556	7	322	6771631	10915.1					
2018	TX	31.58439444	-99.21844444	132	7392	28628666	69562.1					
2018	UT	39.44435556	-111.061	26	1066	3153550	21988.7					
2018	VT	44.15561667	-72.06024167	7	336	624358	2490.1					
2018	VA	37.55003056	-78.783875	4	160	8501286	11078.5					
2018	WA	47.41219444	-120.0288611	77	3311	7523869	18466.5					
2018	WV	38.72501944	-80.54168611	6	222	1804291	6275.5					
2018	WI	44.59897778	-89.68231111	51	2295	5807406	16963.9					
2018	WY	43.07391389	-107.56	39	2184	577601	25333.6					
2019	AL	32.46189917	-86.79523056	7	294	4903185	13576.5					
2019	AZ	34.20952778	-111.0595278	23	1058	7278717	28635.1					
2019	ARK	34.41672972	-92.45006306	20	1100	3017804	13773.2					
2019	CAL	37.75058917	-120.0505889	335	16080	39512223	42397					
2019	COLO	38.96655833	-105.0998889	32	1472	5758736	26960.1					
2019	FLA	28.83524083	-81.91857417	205	9225	21477737	17030.4					
2019	GA	32.67768111	-83.52768056	102	3366	10617423	14999.8					
2019	HAW	19.51250278	-155.0625	16	1280	1415872	2831.1					
2019	ID	39.93660444	-86.21993611	92	2944	1787065	216.446					
2019	ILL	40.07544444	-89.30877778	11	429	12671821	14999.8					
2019	IND	39.86693611	-86.14471389	9	495	6732219	94.321					
2019	IOWA	41.93358056	-93.48358056	38	2090	3155070	14574.3					
2019	KS	38.43878889	-98.40545556	7	553	2913314	21309.6					
2019	KY	37.43447222	-85.09002778	6	246	4467673	10465.9					
2019	LA	31.39494444	-92.51678611	54	3888	4648794	13426.4					
2019	ME	45.45910278	-69.22576944	15	525	1344212	91.646					
2019	MI	44.34451944	-84.69451944	94	4700	9986857	25049.4					
2019	MN	46.37010556	-94.67010556	118	6962	5639632	22517.1					
2019	MS	32.77700556	-89.66033889	22	1760	2976149	12543.4					
2019	MO	38.43345278	-92.51678611	10	430	6137428	18053.3					
2019	MT	47.19634167	-109.0463333	173	14878	1068778	38083.8					
2019	NE	41.36925833	-99.635925	39	2028	1934408	20034.5					
2019	NJ	40.21587222	-74.49920556	15	420	8882190	2258.8					
2019	NY	43.17661667	-75.50995	59	3422	19453561	14129.9					
2019	NC	35.64380278	-79.37713611	14	588	10488084	13938.9					
2019	ND	47.43108889	-100.0527222	520	33800	762062	18311.2					
2019	OH	40.29351111	-82.82684444	15	1005	11689100	11609.6					
2019	OR	43.87287222	-120.0895278	87	2784	4217737	25480.5					
2019	PA	40.82463056	-77.64129722	19	950	12801989	119.283					
2019	SD	44.47313333	-100.0231111	270	19440	884659	19973.1					
2019	TN	35.85901389	-86.47430556	8	456	6829174	10915.1					
2019	TX	31.58439444	-99.21844444	126	7560	28995881	69562.1					
2019	UT	39.44435556	-111.061	22	638	3205958	21988.7					
2019	VT	44.15561667	-72.06024167	6	288	623989	2490.1					
2019	VA	37.55003056	-78.783875	5	195	8535519	11078.5					
2019	WA	47.41219444	-120.0288611	81	2835	7614893	18466.5					
2019	WV	38.72501944	-80.54168611	6	222	1792147	6275.5					
2019	WI	44.59897778	-89.68231111	46	2162	5822434	16963.9					
2019	WY	43.07391389	-107.56	39	2184	578759	25333.6					
